10.6702  8.82587  0
8.5243  5.3207  2
7.49032  9.63614  2
4.26587  3.96959  1
6.21641  4.67161  2
8.37751  9.97511  2
9.55151  8.04633  2
9.90097  9.83447  0
9.31101  10.2967  0
10.1548  11.1404  0
6.63449  3.54567  1
7.83757  9.00931  2
5.23309  3.7397  1
5.48363  5.36692  1
4.35229  5.70195  1
6.19423  9.65061  2
7.31208  8.25717  2
4.49372  4.73168  1
6.77675  7.89019  2
9.48805  10.57  0
9.96861  10.4318  0
9.11663  9.6286  0
7.04321  7.34566  2
6.68695  6.11889  1
9.93209  4.59995  2
9.30824  9.558  0
9.65456  5.48842  2
10.1042  9.08291  0
7.60337  6.20769  2
9.72272  8.33557  2
5.81252  5.97726  1
4.92651  5.92846  1
5.55765  6.36887  1
9.77002  10.3505  0
2.90307  6.61462  1
3.50003  4.40269  1
7.28091  5.22515  1
9.85393  9.92361  0
6.37391  5.60528  1
9.09826  12.4716  2
5.94894  3.27777  1
5.22632  6.28073  1
10.3197  9.86302  0
9.83846  10.8826  0
7.84472  8.0186  2
10.2844  9.96455  0
10.0602  9.52383  0
4.45221  5.22684  1
5.81705  5.67782  1
3.94597  4.63703  1
7.6973  10.1739  2
7.28371  4.88394  2
6.13192  7.99233  2
7.74215  4.49182  1
9.99408  10.0934  0
4.13704  5.56323  1
6.38714  5.30819  1
5.23262  5.56292  1
7.50398  11.1588  2
4.93006  4.86738  1
9.28075  8.45957  2
8.20792  8.28585  2
4.3263  4.81595  1
5.73065  5.16373  1
5.79329  3.68171  1
8.98821  10.6693  0
5.66546  3.71875  1
4.63067  4.22009  1
9.68211  10.2958  0
10.3683  10.021  0
9.95503  9.72776  0
6.66859  9.15706  2
5.20138  5.65237  1
4.40355  7.44887  1
5.29053  6.33681  1
10.4551  9.15616  0
9.49383  9.54429  0
10.3271  10.2343  0
5.94249  8.52587  2
10.9727  10.7551  0
8.87303  8.04098  2
8.16354  6.61374  2
8.88647  6.43322  2
6.06499  4.73419  1
5.98068  6.5565  1
10.152  9.81965  0
9.55083  10.8764  0
6.87124  9.21988  2
6.52775  3.7772  1
6.24417  3.47015  1
4.10098  6.01119  1
10.3532  9.68275  0
9.7781  10.1038  0
10.4055  9.77123  0
9.96327  10.5244  0
5.98543  3.62667  1
4.13174  5.56543  1
10.0186  10.2396  0
8.80106  10.0093  0
8.4502  7.18786  2
3.97106  5.46258  1
9.09019  9.75894  0
7.00435  7.87469  2
10.325  10.3248  0
4.64005  5.76524  1
7.34558  10.9757  2
9.90337  9.70106  0
6.84123  3.76347  1
10.4033  10.184  0
10.0936  4.50836  2
9.87493  9.91396  0
8.08647  7.96017  2
5.90516  5.77923  1
7.32535  6.31358  2
4.02591  4.29601  1
6.53618  10.695  2
10.4789  9.50893  0
8.48248  6.09068  2
9.80725  9.43518  0
7.47549  7.70272  2
6.22358  5.59007  1
10.3107  9.81511  0
10.2311  9.4873  0
6.33978  5.10271  1
9.59202  9.73509  0
9.77168  9.50205  0
9.83642  9.9092  0
3.74335  3.71126  1
5.32317  5.71092  1
9.18092  10.1147  0
8.02728  6.01204  2
4.39055  4.70601  1
6.47294  9.02794  2
9.77056  9.9177  0
10.4671  9.26546  0
4.17873  6.31719  1
10.4828  10.5106  0
10.4385  9.03523  0
9.84404  10.3333  0
8.35576  9.93278  2
4.76116  6.02548  1
5.48645  6.21463  2
8.76522  10.3434  2
7.92781  7.73547  2
9.87888  9.74373  0
8.5717  7.12404  2
3.94676  3.86751  1
4.46031  5.6515  1
10.5597  6.24593  2
9.30209  10.6643  0
6.74376  8.04014  2
8.96952  8.7209  2
3.92802  6.21044  1
7.83126  10.4268  2
4.57501  4.34732  1
8.79637  11.029  0
6.03086  10.1587  2
9.04085  9.59299  2
4.69784  3.53537  1
9.12963  7.39522  2
9.8052  10.96  0
10.6822  9.53892  0
5.83058  6.07824  1
10.4826  10.3848  0
8.9364  10.1829  0
9.76615  6.96097  2
8.54677  10.6511  2
3.42688  6.19774  1
8.34881  9.46689  0
4.49803  5.35176  1
3.50201  4.06392  1
10.0458  9.93453  0
9.04801  7.62875  2
6.073  4.50221  1
8.53919  7.32561  2
8.9968  7.60446  2
8.82568  10.2965  0
10.5219  10.2417  0
8.61895  10.6217  2
5.29575  3.60774  1
6.7155  7.49532  2
8.81165  7.00109  2
5.50075  5.74217  2
5.50621  5.0319  1
9.17271  9.2487  0
6.32543  4.67319  1
7.54447  8.39343  2
8.16699  5.5602  2
8.56103  7.72057  2
10.3323  9.86693  0
5.77078  5.36276  1
5.91288  6.66807  2
6.10425  8.58321  2
4.42708  3.79588  1
6.71187  8.92228  2
4.00678  3.50575  1
10.2324  8.55112  0
7.08178  4.43751  1
9.62992  9.6736  0
10.0509  9.49296  0
9.31872  11.4959  2
6.0804  5.80079  1
8.65399  8.0571  2
7.75187  9.201  2
6.9841  7.77373  2
6.15915  5.41747  1
10.0515  9.5618  0
7.23038  7.10532  2
9.95999  9.33162  0
10.2415  9.77864  0
5.17985  5.45165  1
8.48468  7.27871  2
9.93457  9.72646  0
5.30035  4.67864  1
9.34231  10.0189  0
6.03217  6.50835  2
9.6194  9.97124  0
9.37131  8.13956  2
10.2245  11.0592  0
4.11221  4.19555  1
9.81179  10.2087  0
8.89166  8.72117  2
10.3848  9.7996  0
7.16053  7.05396  2
4.80253  3.07216  1
7.57142  6.76255  2
4.65468  5.64101  1
12.0753  8.84281  2
4.35346  5.41063  1
5.92844  8.2791  2
6.01475  7.89231  2
5.63214  3.45756  1
4.6953  4.28161  1
5.68029  10.0795  2
8.64799  9.79049  0
4.45696  5.86225  1
10.0269  9.76726  0
4.96559  5.34265  1
9.65017  9.10608  0
10.0094  10.7428  0
10.5672  10.5236  0
5.35872  8.48753  2
5.39271  5.4728  1
6.17676  7.06966  2
5.3791  2.89517  1
9.4119  9.44466  0
10.2057  10.2024  0
5.70426  5.06182  1
8.06808  8.40081  2
10.559  9.05923  0
6.5326  2.51346  1
7.18465  9.94041  2
3.53649  4.31903  1
5.50523  4.4739  1
3.66822  4.3642  1
6.79376  7.3305  2
5.37466  8.43954  2
5.89464  4.09548  1
9.73568  9.79328  2
9.62481  9.84831  0
8.67093  7.81898  2
9.59302  10.2959  0
10.1095  9.78511  0
10.3421  10.0229  0
5.4701  5.27471  1
4.97658  6.18407  1
9.64158  10.1079  0
10.4197  10.1014  0
3.13236  5.55081  1
9.83594  9.61562  0
9.334  10.002  2
10.858  9.10295  0
9.18543  9.42003  0
5.49126  5.22865  1
11.0318  9.92121  2
9.64133  10.6626  0
9.8604  9.71723  0
5.59508  3.92136  1
5.37075  7.04008  2
6.9058  7.60339  2
3.92726  6.58709  1
6.9206  7.80206  2
9.01517  8.97947  2
3.77282  5.28933  1
6.54033  8.69081  2
6.60995  5.99999  1
10.3726  10.328  0
4.69697  6.48726  1
11.0077  10.5998  0
5.91502  4.48101  1
8.45347  7.38524  2
9.79153  10.2123  0
3.53915  2.95857  1
9.94382  10.7316  0
10.3757  8.40808  2
7.68981  8.58169  2
4.13624  4.56239  1
6.93485  11.7829  2
10.1932  9.81844  0
9.47093  10.748  0
