0.035015
-0.010761
0.019756
-0.011677
-8.03E-05
0.002666
0.009685
-0.012287
-0.005573
-0.026325
0.020977
-0.009541
0.007549
-0.040669
0.018841
0.011211
-0.016865
-0.005879
0.00114
-0.003132
0.004497
0.038677
-0.031513
0.003277
0.002666
-0.010151
0.002971
-0.014729
-0.015644
0.026165
-0.002827
-0.011677
0.013042
0.004192
-0.012287
-0.003437
-0.00771
-0.006184
0.020977
-0.001911
-0.00832
0.000225
-0.008015
-0.03487
0.023418
-0.022663
0.031048
0.002361
0.00114
0.009685
-0.006794
-0.026631
0.010296
0.010296
-0.028156
0.006328
0.021282
-0.03487
0.019146
-0.001301
-0.009846
0.002971
0.016094
-0.012592
-0.007404
0.022808
-0.024799
-0.026631
0.012127
-0.029072
0.004803
0.006634
-0.006794
-8.03E-05
0.016704
-0.007404
-0.004658
0.029522
0.007854
-0.016255
0.044781
0.021892
0.0695
0.15617
0.231243
0.280987
0.287701
0.122295
-0.2076
-0.489277
-0.602802
-0.532612
-0.186237
0.055157
0.097881
0.037762
0.086895
0.305096
0.58189
0.659099
0.27
-0.126118
-0.405049
-0.58205
-0.506977
-0.217365
0.280071
0.788189
0.960918
0.51292
-0.355915
-0.763935
-0.414814
0.743023
1.452862
0.734478
-1.165547
-2.363362
-1.404499
1.060711
2.756573
1.969219
-0.676045
-2.573933
-2.079243
0.154644
1.855694
1.373516
-0.677265
-2.157063
-1.629109
0.332867
1.917034
1.822735
0.128704
-1.303791
-1.46584
-0.369343
0.717388
0.905681
0.111309
-0.842365
-1.045612
-0.360188
0.631023
1.077495
0.563579
-0.302815
-0.624165
-0.254902
0.41618
0.750347
0.522686
-0.182575
-0.729145
-0.56374
0.040813
0.625835
0.540081
0.100017
-0.391621
-0.376667
0.085979
0.552898
0.532757
0.093609
-0.313191
-0.446858
-0.300678
0.023418
0.230938
0.092998
-0.231709
-0.284809
-0.274738
-0.174946
0.129009
0.364605
0.255962
0.066143
-0.079731
-0.055622
0.057293
0.204388
0.125957
-0.104756
-0.226521
-0.242695
-0.19936
-0.038532
0.102154
0.071941
-0.039753
-0.09499
-0.178913
-0.189289
-0.209736
-0.229267
-0.239338
-0.196613
-0.132527
0.040813
0.173565
0.212932
0.091472
-0.039143
-0.020527
0.035625
0.118938
0.02647
-0.26009
-0.384602
-0.228047
0.215679
0.517498
0.55656
0.179363
-0.127339
-0.105366
0.11375
0.2523
0.15617
-0.158772
-0.358051
-0.256123
0.033794
0.262981
0.258709
0.140911
-0.047688
-0.081562
-0.069355
-0.039448
0.041424
0.084148
0.017315
-0.031208
-0.145954
-0.101093
0.041118
0.207134
0.106121
-0.114826
-0.221943
-0.135578
0.068889
0.211407
0.04295
-0.144428
-0.2607
-0.185017
-0.059284
0.09666
0.15678
0.145489
0.153423
0.169597
0.050579
0.004803
-0.070881
-0.040669
0.027996
0.053936
0.020367
-8.03E-05
0.074993
0.171734
0.273052
0.320965
0.176617
-0.062031
-0.255818
-0.391621
-0.403217
-0.236591
0.101848
0.346905
0.301739
-0.09499
-0.572895
-0.656513
-0.06844
0.621563
0.916363
0.352093
-0.669026
-1.288838
-0.750202
0.567242
1.497112
1.118084
-0.316853
-1.666035
-1.404804
0.125347
1.44096
1.39732
0.00053
-1.298908
-1.15395
0.26054
1.470257
1.256939
-0.005879
-1.166462
-1.058735
-0.075459
0.815349
0.831829
0.234905
-0.369953
-0.458149
-0.050739
0.325237
0.322796
0.039593
-0.224384
-0.333332
-0.126728
0.080791
0.159221
0.168682
0.119854
-0.047383
-0.203022
-0.25124
-0.143818
0.019146
0.175091
0.059429
-0.082173
-0.163044
-0.088886
0.119549
0.273052
0.17448
-0.036396
-0.193257
-0.154499
-0.049214
0.13847
0.143352
0.011516
-0.130695
-0.192036
-0.153584
0.030132
0.201336
0.146709
-0.073017
-0.205464
-0.238423
-0.071491
0.105205
0.100628
-0.117268
-0.334553
-0.336079
-0.059284
0.315777
0.342632
0.082928
-0.086445
-0.070576
0.160747
0.284344
0.168377
-0.100788
-0.275959
-0.210041
-0.023579
0.273052
0.228802
-0.05959
-0.157551
-0.034565
0.177227
0.245891
0.166241
-0.044941
-0.24239
-0.223164
-0.121235
0.075909
0.174785
0.066448
-0.019917
-0.074543
-0.026936
0.01701
0.010296
-0.055012
-0.098347
-0.124897
-0.041584
-0.009541
-0.03426
-0.003742
0.033184
0.1049
0.18211
0.105816
-0.065083
-0.109333
0.071026
0.107952
0.065838
-0.115742
-0.233845
-0.213398
-0.044331
0.114971
0.170513
0.106121
0.015484
-0.020527
0.085979
0.045696
-0.039448
-0.116352
-0.227741
-0.2253
-0.123676
-0.016865
0.124126
0.228191
0.1226
-0.129475
-0.197224
-0.042195
0.154339
0.208355
0.031048
-0.2607
-0.332112
-0.079731
0.266033
0.415874
0.172954
-0.16518
-0.375752
-0.335468
-0.034565
0.239483
0.327373
0.205303
0.006328
-0.208515
-0.371174
-0.150532
0.181194
0.46104
0.453106
0.046612
-0.470051
-0.679707
-0.252461
0.473858
0.885845
0.647198
-0.205464
-0.91164
-0.832295
-0.006489
0.788494
0.776287
0.100933
-0.653767
-0.725788
-0.009236
0.739666
0.782696
0.108562
-0.657734
-0.846943
-0.423054
0.19218
0.353008
0.166851
-0.003132
0.023113
0.108257
0.089336
-0.093769
-0.032734
0.142132
0.231243
-0.002827
-0.381245
-0.514301
-0.153279
0.375896
0.53001
0.142437
-0.310749
-0.561604
-0.179829
0.359112
0.571209
0.221477
-0.322956
-0.582356
-0.271687
0.342632
0.612713
0.310894
-0.246662
-0.524677
-0.328144
0.24284
0.490032
0.247417
-0.185017
-0.436787
-0.348896
0.063091
0.424419
0.407635
0.066448
-0.230488
-0.349812
-0.029377
0.340801
0.368267
0.052715
-0.309834
-0.452351
-0.215229
0.198589
0.387798
0.163799
-0.151447
-0.25948
-0.069966
0.2523
0.327373
0.040813
-0.25124
-0.284199
-0.087361
0.114055
0.172649
-0.049519
-0.19997
-0.141987
0.030437
0.14732
0.124737
-0.044636
-0.155415
-0.116657
-0.040058
0.021892
0.13969
0.117412
0.079571
0.011211
-0.05135
-0.052876
0.064312
0.143047
0.067669
-0.018391
-0.083088
-0.098957
0.101543
0.184856
0.084759
-0.127644
-0.260395
-0.218891
-0.012898
0.203777
0.077129
-0.071491
-0.167622
-0.238423
-0.11208
0.044781
0.092693
0.002666
-0.129475
-0.19936
-0.132832
0.195537
0.322796
0.236736
-0.015644
-0.233235
-0.253987
-0.039448
0.178753
0.20805
0.091167
-0.092854
-0.234455
-0.094685
0.122295
0.244671
0.137249
-0.010456
-0.167317
-0.188374
-0.032429
0.134807
0.250774
0.263592
0.018841
-0.158772
-0.245442
-0.152668
-0.039448
0.136028
0.222088
0.14732
-0.012898
-0.176777
-0.27779
-0.040669
0.20805
0.378948
0.230633
-0.096211
-0.479206
-0.539326
-0.177693
0.342022
0.624004
0.426861
-0.157856
-0.588764
-0.524983
0.001751
0.455242
0.501018
0.015179
-0.540852
-0.571674
-0.037007
0.537639
0.614239
0.241619
-0.31197
-0.554585
-0.289997
0.107647
0.297161
0.193706
-0.061726
-0.165791
-0.109638
0.034099
-0.011982
0.047527
0.152202
0.164715
0.060345
-0.197224
-0.313496
-0.060505
0.30479
0.383526
0.057598
-0.287861
-0.431294
-0.024494
0.419536
0.547405
0.167766
-0.351338
-0.516743
-0.162129
0.322491
0.447613
0.105511
-0.352253
-0.532002
-0.161518
0.306927
0.501629
0.306927
-0.105061
-0.422444
-0.312885
0.119549
0.311199
0.228496
-0.070881
-0.330891
-0.28664
0.026165
0.296245
0.312725
0.123821
-0.139851
-0.325398
-0.179218
-0.016255
0.185772
0.153728
-0.044026
-0.198445
-0.133137
0.027386
0.14732
0.167766
0.024639
-0.107502
-0.088886
-0.024494
-0.033039
0.04417
0.059734
0.01701
0.023418
0.03593
-0.007099
-0.001606
0.073467
0.06187
0.023113
-0.028156
-0.102009
-0.011982
0.10429
0.11253
-0.005879
-0.181049
-0.246052
-0.132527
0.073467
0.07774
0.014873
-0.092854
-0.133137
-0.019917
0.146404
0.110699
-0.063557
-0.147785
-0.116963
-0.059284
0.115581
0.178448
0.072552
-0.033344
-0.058064
-0.018696
0.084148
0.173565
0.099712
-0.019612
-0.05135
-0.031208
0.057903
0.149456
0.055767
-0.045246
-0.13039
-0.104145
0.045696
0.194927
0.174175
-0.015644
-0.096821
-0.102924
-0.031513
0.131451
0.084453
-0.049824
-0.157246
-0.179829
-0.084004
0.125957
0.307842
0.139385
-0.018391
-0.144734
-0.248493
-0.145954
0.009685
0.130535
0.147014
0.064617
-0.080952
-0.196613
-0.037922
0.060955
0.214458
0.19981
0.071026
-0.211567
-0.387348
-0.326924
-0.077595
0.236736
0.387188
0.177227
-0.055317
-0.253987
-0.239033
0.029827
0.26054
0.260235
-0.036091
-0.306782
-0.354084
-0.124897
0.267864
0.421978
0.255657
-0.113911
-0.289082
-0.265888
-0.016865
0.228802
0.230022
0.061565
-0.084614
-0.101704
-0.131916
0.005413
0.090252
0.121075
0.16563
-0.007099
-0.181965
-0.202717
-0.062336
0.144268
0.223614
0.187298
-0.195393
-0.363545
-0.158161
0.188518
0.39146
0.224224
-0.180744
-0.389485
-0.213093
0.141826
0.329815
0.231853
-0.13039
-0.348286
-0.25185
0.06187
0.282513
0.244976
-0.013203
-0.243305
-0.215229
-0.039753
0.149456
0.170208
0.024944
-0.10384
-0.181965
-0.084614
0.06065
0.159832
0.124737
-0.025715
-0.093464
-0.160908
-0.065083
0.060955
0.100628
0.102459
-0.026936
-0.089497
-0.080036
-0.039753
0.033794
0.037762
0.077129
-0.029377
-0.06081
-0.023579
-0.010761
0.088421
0.096355
0.066448
0.013042
-0.063557
-0.093159
-0.0602
0.037151
0.052105
0.033794
-0.114521
-0.07729
0.08781
0.17326
0.090862
-0.04372
-0.135273
-0.148701
0.012127
0.100323
0.041729
-0.006794
-0.037007
0.021892
0.129619
0.171734
0.053326
-0.087055
-0.162739
-0.023884
0.034099
0.095135
0.017925
-0.064778
-0.08614
-0.041889
0.022503
0.089336
0.077434
0.04295
-0.065388
-0.044331
-0.058369
0.00877
0.013958
-0.036396
-0.098042
-0.11269
-0.056843
0.066753
0.110699
0.134197
-0.015949
-0.026325
-0.072407
0.024334
0.078045
0.044781
-0.062336
-0.141987
-0.121235
0.029217
0.170208
0.273662
0.093304
-0.050434
-0.192646
-0.170979
-0.038227
0.116802
0.144268
0.039287
-0.119099
-0.186237
-0.18166
0.075603
0.290447
0.285564
0.125652
-0.187458
-0.391621
-0.284504
0.033794
0.306011
0.312725
0.143352
-0.197224
-0.266499
-0.065998
0.136333
0.27763
0.164104
-0.133137
-0.326618
-0.254292
-0.024494
0.15739
0.322491
0.147014
-0.113606
-0.212788
-0.207295
-0.027241
0.193096
0.227276
0.040508
-0.13039
-0.124592
-0.104145
0.052715
0.125957
0.112224
0.003277
-0.101704
-0.149311
-0.087055
0.042339
0.137554
0.162273
