-0.016278
0.001422
-0.057782
0.02492
0.013018
0.029498
-0.013227
0.019122
0.000811
-0.006513
-0.004987
-0.015058
0.000201
-0.031232
0.008136
0.017291
0.020343
-0.001935
0.003558
-0.008039
-0.020246
-0.00163
0.004168
0.025836
0.004168
0.015765
0.009967
0.002337
0.034381
-0.00102
0.027972
0.001117
-0.015058
-0.006513
-0.029401
0.031329
0.020648
0.01485
-0.079145
0.00722
0.001727
0.088702
0.00661
-0.014753
-0.015363
0.044757
0.037738
0.169268
0.086566
-0.026044
0.022784
-0.058393
-0.055036
-0.033063
-0.031842
-0.055036
0.022479
0.225421
0.363055
0.51015
0.147906
-0.704755
-1.176557
-0.547589
0.96181
2.0638
1.202594
-1.080426
-2.560529
-1.536054
0.869342
2.590838
1.871844
-0.498151
-2.602033
-2.595319
-0.139569
2.824298
3.346454
0.634662
-2.641706
-3.392133
-0.796308
2.625018
3.738604
1.593524
-2.143048
-4.397077
-3.063153
1.0143
4.513446
4.238177
0.190326
-4.162091
-4.840497
-1.30412
3.364459
5.151568
2.167254
-3.288983
-6.242475
-3.538922
2.538958
6.359454
4.102984
-1.734113
-5.658673
-4.209394
0.808917
4.629718
4.167987
0.204669
-3.8383
-4.524945
-0.8607
3.782855
4.779864
1.39638
-2.811689
-3.8206
-1.365766
1.689654
2.763568
1.534015
-0.757856
-2.417096
-1.769818
0.645953
2.319537
1.664935
-0.376386
-1.65019
-1.336164
-0.04466
1.076861
1.26546
0.494281
-0.698346
-1.454877
-1.03465
0.598651
1.567279
0.904132
-0.536298
-1.368817
-1.204023
-0.334272
0.702411
1.219684
0.982867
-0.302228
-1.580915
-1.528424
-0.163373
1.12691
1.540728
0.845843
-0.435285
-1.38133
-1.376447
-0.120038
1.639911
1.9695
0.355731
-1.592511
-2.042951
-0.750226
1.009417
1.902057
1.178485
-0.469464
-2.02403
-1.848249
0.022479
2.021991
2.191058
0.329181
-1.75578
-2.160749
-0.726117
1.062213
1.983539
1.29201
-0.431623
-1.752729
-1.471662
0.226031
1.695147
1.505938
0.037738
-1.327008
-1.532697
-0.640973
0.743609
1.487628
1.115619
-0.171003
-1.226911
-1.108197
-0.048627
0.934649
1.06557
0.337726
-0.611371
-1.048383
-0.731305
0.203753
1.09273
0.980731
-0.034284
-0.924176
-0.989179
-0.289716
0.436602
0.722552
0.52724
0.035602
-0.676679
-0.800885
-0.102033
0.703326
0.786639
0.074664
-0.626935
-0.670575
-0.051374
0.44057
0.626117
0.395099
-0.236005
-0.761212
-0.503339
0.442096
1.052447
0.69356
-0.236615
-0.927228
-0.800275
-0.148725
0.677081
1.155597
0.687457
-0.468854
-1.304731
-1.121015
-0.014753
1.08266
1.320086
0.363971
-0.759076
-1.152448
-0.644025
0.353289
0.912066
0.443316
-0.647382
-1.148175
-0.446881
0.802203
1.342059
0.488788
-0.845136
-1.302594
-0.534772
0.784198
1.431476
0.621539
-0.936994
-1.720075
-0.804547
0.939227
1.90877
0.97951
-0.891828
-1.680707
-0.738629
0.904742
1.563311
0.674029
-0.772199
-1.386518
-0.743207
0.443011
1.171466
0.828448
-0.185041
-0.720319
-0.454511
0.209552
0.663043
0.431109
-0.258588
-0.675458
-0.387372
0.086871
0.384112
0.399066
-0.031842
-0.397138
-0.269574
0.090228
0.334369
0.344745
0.092059
-0.355939
-0.504865
-0.269574
0.020343
0.425921
0.575152
0.243731
-0.38371
-0.647382
-0.345868
0.307513
0.710956
0.397235
-0.251264
-0.588788
-0.471601
-0.02757
0.392962
0.360003
-0.147199
-0.64433
-0.52226
0.139056
0.805865
0.635272
-0.289716
-0.916852
-0.763044
0.176898
1.020404
1.068316
0.100909
-1.094464
-1.3206
-0.405072
1.041156
1.583148
0.732623
-0.73039
-1.440839
-0.821027
0.597735
1.496173
1.039019
-0.391339
-1.423444
-1.225995
0.06856
1.32619
1.394854
0.316363
-0.911054
-1.250104
-0.539044
0.586139
1.176043
0.609637
-0.384626
-1.114606
-0.871381
-0.108136
0.690204
0.85744
0.347796
-0.29704
-0.661115
-0.518293
-0.003766
0.386248
0.557147
0.298053
-0.326947
-0.70445
-0.589398
0.020038
0.638934
0.862628
0.407916
-0.442914
-1.024884
-0.72276
0.16286
0.850116
0.8315
0.004474
-0.882062
-1.009015
-0.274152
0.73598
1.119891
0.603228
-0.38432
-1.038007
-0.803022
0.016681
0.843402
0.891314
0.21535
-0.50456
-0.745648
-0.315961
0.392657
0.723163
0.422564
-0.20091
-0.602216
-0.399579
0.201922
0.622455
0.448199
-0.146588
-0.661115
-0.677899
-0.016584
0.59682
0.866595
0.47536
-0.323896
-1.063642
-0.994977
-0.106305
0.934955
1.313067
0.767108
-0.561628
-1.439313
-1.232404
-0.006208
1.227618
1.599933
0.648089
-1.020612
-1.907453
-1.168317
0.552874
1.815997
1.563311
-0.093793
-1.784467
-1.898908
-0.416974
1.43117
2.018634
0.855609
-1.020917
-1.857099
-1.030988
0.548297
1.605121
1.334735
0.11159
-1.018781
-1.228131
-0.559491
0.450946
1.058246
0.968219
0.179034
-0.669355
-1.133832
-0.688275
0.354815
1.212664
1.086017
-0.091352
-1.316022
-1.462201
-0.344953
1.151629
1.729327
0.848285
-0.943097
-1.834821
-1.155805
0.578814
1.805316
1.418048
-0.351667
-1.820478
-1.612958
-0.063886
1.473285
1.763202
0.472613
-1.133527
-1.655683
-0.758771
0.674029
1.4211
0.897723
-0.335492
-1.150617
-0.777082
0.150348
0.826617
0.852252
0.083209
-0.732526
-0.810651
-0.217084
0.520831
0.763141
0.416766
-0.355329
-0.721845
-0.503644
0.006915
0.538531
0.685016
0.350238
-0.196942
-0.616559
-0.602826
-0.10539
0.575763
0.688983
0.308734
-0.387677
-0.806378
-0.572003
0.198871
0.752765
0.658465
0.043231
-0.56651
-0.757245
-0.225324
0.395404
0.654193
0.327044
-0.277509
-0.612897
-0.382794
0.143634
0.498553
0.453997
0.115863
-0.355023
-0.460004
-0.275678
-0.032453
0.260211
0.322162
0.066729
-0.228986
-0.366925
-0.319013
-0.05412
0.359698
0.453692
0.184222
-0.134381
-0.480146
-0.427655
0.045977
0.480548
0.543109
0.147296
-0.362653
-0.638837
-0.15849
0.507098
0.712481
0.421954
-0.285749
-0.752668
-0.515851
0.201617
0.638018
0.532733
0.064288
-0.583295
-0.658368
-0.126752
0.515338
0.789996
0.498553
-0.207929
-0.699872
-0.616864
-0.1414
0.312091
0.56325
0.357562
-0.037336
-0.362653
-0.403241
-0.192975
0.055133
0.233661
0.230914
0.118304
-0.034894
-0.273236
-0.26225
-0.132245
0.049945
0.246173
0.223285
0.022479
-0.153302
-0.219525
-0.145368
0.105182
0.338946
0.279132
0.007525
-0.261029
-0.283612
-0.098371
0.215045
0.3362
0.141497
-0.134076
-0.303144
-0.196942
0.039874
0.301715
0.291644
0.04201
-0.08006
-0.181378
-0.210065
-0.15727
-0.000714
0.226642
0.305682
0.176593
-0.183515
-0.381574
-0.164594
0.20711
0.46712
0.287066
-0.251569
-0.554914
-0.285443
0.247393
0.542498
0.308429
-0.290631
-0.624189
-0.254926
0.36275
0.625811
0.315753
-0.303144
-0.683393
-0.405683
0.17995
0.6487
0.403643
-0.158795
-0.582685
-0.369977
0.172015
0.530902
0.380755
-0.138349
-0.553083
-0.382489
0.045367
0.434466
0.383197
0.011493
-0.422467
-0.48869
-0.122785
0.31911
0.518084
0.357867
-0.120954
-0.466718
-0.543622
-0.156964
0.308734
0.519915
0.306292
-0.088605
-0.35838
-0.337018
-0.037641
0.312091
0.36275
0.117083
-0.220136
-0.358075
-0.181378
0.194598
0.397845
0.203448
-0.159101
-0.367536
-0.237836
0.106097
0.448504
0.317279
-0.198468
-0.552472
-0.47038
0.071917
0.538226
0.464373
-0.062055
-0.538434
-0.467633
-0.066327
0.453387
0.496722
0.160724
-0.356549
-0.569257
-0.267743
0.325518
0.561419
0.281268
-0.255536
-0.499066
-0.369977
0.165606
0.515643
0.439654
0.012408
-0.411481
-0.491132
-0.142316
0.327044
0.484515
0.266009
-0.124311
-0.446576
-0.333661
0.00661
0.330706
0.367633
0.121661
-0.212812
-0.33244
-0.207318
0.111285
0.247393
0.182086
0.002948
-0.228376
-0.191754
0.005084
0.212909
0.269366
0.044146
-0.220441
-0.368146
-0.091962
0.183001
0.370074
0.284625
-0.084638
-0.414533
-0.442609
-0.127668
0.291339
0.45766
0.340472
-0.138959
-0.443219
-0.500592
-0.107526
0.34566
0.517779
0.223895
-0.280866
-0.586347
-0.400495
0.096942
0.572101
0.51839
0.079547
-0.499982
-0.690107
-0.295819
0.391742
0.764361
0.488482
-0.220136
-0.751142
-0.717267
-0.007733
0.676471
0.828448
0.375567
-0.351972
-0.788068
-0.555219
0.104571
0.652057
0.670977
0.190631
-0.459699
-0.665692
-0.317792
0.183917
0.676471
0.653888
0.062152
-0.599164
-0.743207
-0.255841
0.437213
0.844012
0.431414
-0.394696
-0.816449
-0.599164
0.204974
0.892535
0.782061
-0.022687
-0.804547
-0.888166
-0.301923
0.570575
0.872393
0.344134
-0.368146
-0.777082
-0.547589
0.129901
0.692645
0.618792
0.097247
-0.435285
-0.590314
-0.200299
0.36336
0.51839
0.289508
-0.15849
-0.533857
-0.454206
0.041095
0.516253
0.561419
0.215655
-0.336713
-0.664167
-0.403852
0.0945
0.550128
0.584613
0.159503
-0.402631
-0.580854
-0.247296
0.209247
0.539447
0.46712
-0.018415
-0.420636
-0.474042
-0.15727
0.316363
0.49306
0.21535
-0.235395
-0.404767
-0.210675
0.164691
0.419207
0.227557
-0.101728
-0.342511
-0.289716
0.008746
0.320331
0.337726
0.002643
-0.207318
-0.302838
-0.133771
0.092364
0.213519
0.161944
0.022174
-0.148419
-0.218
-0.091657
0.117083
0.121356
0.091449
-0.042829
-0.099286
-0.113324
-0.050458
0.027972
0.089007
0.101825
0.025531
-0.087079
-0.028791
-0.028485
0.047503
0.00722
0.009967
-0.016584
-0.041303
-0.078534
0.001422
0.120746
0.140887
0.062762
-0.066022
-0.156659
-0.095014
0.045367
0.157367
0.162249
0.063983
-0.142316
-0.286359
-0.184125
0.080768
0.217791
0.274554
0.058795
-0.110578
-0.245771
-0.225324
-0.076398
0.160724
0.264178
0.104266
-0.091046
-0.265607
-0.239972
0.024615
0.252581
0.318194
0.126239
-0.178327
-0.423688
-0.326642
0.074359
0.43233
0.359088
0.100909
-0.338239
-0.494794
-0.17497
0.230609
0.501605
0.386859
-0.04527
-0.448407
-0.470685
-0.13194
0.247088
0.475665
0.277911
-0.052594
-0.288495
-0.272931
-0.095319
0.180865
0.252276
0.078021
-0.08769
-0.181073
-0.126447
0.003558
0.112811
0.127154
0.072223
-0.013227
-0.098065
-0.141706
-0.030011
0.096942
0.190326
0.073138
-0.108441
-0.215863
-0.193891
0.080768
0.287982
0.278216
-0.024823
-0.33183
-0.315045
-0.052899
0.279742
0.338031
0.106402
-0.204267
-0.319318
-0.124005
0.130511
0.226642
