0.007589
-0.018351
-0.00889
0.021322
-0.002481
-0.053446
0.014303
-0.013773
-0.004312
0.040548
-0.010111
-0.010111
0.011862
-0.001566
0.007284
-0.007975
-0.062296
0.0259
0.008505
0.001486
-0.038797
-0.001871
-0.000345
0.013083
-0.004007
-0.02537
0.008505
-0.040628
0.033224
0.015219
-0.004007
-0.029337
0.019796
0.002096
-0.016214
0.019491
0.011862
-0.007059
-0.046427
0.01766
0.001181
0.029562
0.020407
-0.006449
-0.002481
-0.021707
0.011252
0.01644
-0.00889
-0.002787
0.058249
-0.013163
-0.011331
0.033529
0.049704
0.179709
0.168722
0.046042
-0.152933
-0.340616
-0.309183
0.084799
0.388449
0.420492
0.081442
-0.348856
-0.413553
0.093344
0.252646
0.11318
-0.137064
-0.052225
0.246237
0.136984
-0.048258
-0.473978
-0.562479
-0.066568
0.732382
1.046713
0.284994
-0.933268
-1.38859
-0.437967
1.194723
1.830404
0.606344
-1.58909
-2.582437
-1.162149
1.74465
3.420981
1.925924
-1.761209
-4.291422
-2.757303
1.85787
5.140646
3.460959
-1.825907
-5.748636
-4.281961
1.38912
5.813559
4.746969
-0.932657
-5.861856
-5.457804
0.10494
5.658835
5.866354
0.420492
-5.549967
-6.283609
-1.170084
4.920614
6.339377
1.955221
-4.267313
-6.422464
-2.648355
3.552816
6.314047
3.068503
-2.892801
-5.707437
-2.886698
2.451437
5.16567
2.795675
-1.843912
-4.437906
-2.897989
1.141623
4.133261
3.270834
-0.608255
-3.767435
-3.212931
0.392721
3.415182
3.031881
-0.17399
-2.993509
-2.930338
-0.207865
2.531393
2.895773
0.657003
-2.068521
-2.86442
-0.981485
1.693686
2.571371
1.075094
-1.310465
-2.267496
-1.073954
0.848044
1.702841
0.918234
-0.686075
-1.575357
-0.762979
0.690268
1.264914
0.45986
-0.828287
-1.097147
-0.102274
0.9457
0.854452
-0.142557
-1.012918
-0.802347
0.288656
1.239584
1.077841
-0.341532
-1.608927
-1.287577
0.461691
1.888693
1.51882
-0.32139
-1.991312
-1.685221
0.200766
2.016562
2.088278
0.222128
-1.972391
-2.305948
-0.420267
1.930197
2.641256
0.906332
-1.702005
-2.600443
-1.071817
1.462362
2.693747
1.44985
-1.097452
-2.687418
-1.825907
0.637167
2.467306
1.955526
-0.134622
-2.034647
-2.079813
-0.369608
1.476095
1.888083
0.690573
-0.909464
-1.635782
-0.836832
0.52944
1.256369
0.868795
-0.19169
-0.931436
-0.846598
-0.209696
0.584066
0.884359
0.454062
-0.400736
-0.82432
-0.527384
0.184897
0.68569
0.492819
-0.07847
-0.516092
-0.524637
-0.127909
0.444906
0.744284
0.341757
-0.379984
-0.870401
-0.604898
0.200155
0.829428
0.707968
0.091208
-0.601541
-0.7642
-0.352213
0.341452
0.571859
0.324362
-0.159037
-0.438272
-0.243265
0.102499
0.23403
0.060995
-0.154154
-0.150186
0.040548
0.280722
0.133322
-0.207865
-0.400736
-0.160562
0.385702
0.698507
0.237082
-0.589945
-0.917704
-0.203592
0.765951
1.132773
0.349386
-0.86735
-1.282389
-0.453836
0.878256
1.489523
0.717733
-0.766642
-1.61503
-0.969583
0.498007
1.526144
1.1639
-0.308268
-1.540567
-1.400492
-0.022318
1.387289
1.552084
0.363424
-1.241495
-1.739237
-0.833475
0.769308
1.731527
1.238363
-0.296366
-1.592752
-1.586649
-0.253641
1.239584
1.761435
0.827292
-0.722391
-1.72825
-1.359293
0.185812
1.549948
1.548117
0.223044
-1.315653
-1.67576
-0.62443
0.969503
1.629294
0.909689
-0.538065
-1.516153
-1.141397
0.284689
1.368368
1.19869
-0.040323
-1.177408
-1.341288
-0.233499
1.061361
1.38088
0.443686
-0.953714
-1.515238
-0.65922
0.816305
1.512106
0.850485
-0.47764
-1.435587
-1.102335
0.178488
1.329001
1.351889
0.200766
-1.189615
-1.468241
-0.441935
1.025961
1.534689
0.766562
-0.72941
-1.549417
-0.999796
0.358847
1.451071
1.243551
-0.083048
-1.348307
-1.380655
-0.231668
1.014364
1.425131
0.548971
-0.693094
-1.304361
-0.751993
0.365561
1.163595
0.883444
-0.120584
-0.935404
-0.962564
-0.214273
0.716513
0.963705
0.388449
-0.39097
-0.846903
-0.637857
0.081747
0.733603
0.706747
0.168722
-0.394022
-0.717813
-0.411417
0.089377
0.502585
0.548666
0.20809
-0.265848
-0.52952
-0.415689
-0.06138
0.420187
0.649374
0.292929
-0.269205
-0.621378
-0.527079
0.005148
0.540121
0.575216
0.103109
-0.379373
-0.522806
-0.193216
0.385702
0.531271
0.202292
-0.268595
-0.463297
-0.193827
0.332602
0.579489
0.237997
-0.295145
-0.601236
-0.435831
0.26119
0.789755
0.696982
0.041464
-0.691568
-0.909464
-0.347025
0.574911
1.043661
0.718649
-0.194742
-1.0944
-1.038248
-0.085489
0.940207
1.235922
0.496786
-0.738871
-1.45054
-0.830728
0.492819
1.381186
1.115683
-0.255472
-1.443521
-1.311991
-0.027506
1.210592
1.35372
0.378683
-0.962564
-1.371805
-0.618326
0.52883
1.15505
0.779684
-0.213968
-0.95524
-0.8939
-0.14744
0.65151
1.000937
0.476034
-0.401346
-0.983927
-0.709574
0.103109
0.828207
0.931051
0.300863
-0.52952
-0.974466
-0.705912
0.245321
0.992086
0.913351
0.074728
-0.850565
-1.06785
-0.379068
0.596273
1.05953
0.657919
-0.206949
-0.979654
-0.862772
-0.054361
0.783651
0.872763
0.248068
-0.541727
-0.827677
-0.337564
0.360678
0.649984
0.430258
-0.246317
-0.698893
-0.456278
0.197409
0.630453
0.470541
-0.142252
-0.614969
-0.490457
0.085409
0.453756
0.45162
0.02651
-0.430948
-0.413553
-0.039713
0.320395
0.3384
0.089987
-0.231668
-0.293009
-0.022318
0.169638
0.162924
-0.024149
-0.137369
-0.091288
0.096701
0.219076
0.06893
-0.183756
-0.241434
-0.063211
0.213583
0.358542
0.126913
-0.306131
-0.39097
-0.19047
0.255697
0.549582
0.306662
-0.267984
-0.683023
-0.381815
0.185507
0.672262
0.608175
-0.059854
-0.621683
-0.680582
-0.16514
0.518148
0.793417
0.333212
-0.446512
-0.791361
-0.519144
0.23464
0.794027
0.656393
-0.068094
-0.705301
-0.816996
-0.192301
0.628012
0.93685
0.394857
-0.428507
-0.873758
-0.592691
0.288961
0.927084
0.781515
-0.01774
-0.78068
-0.925028
-0.19108
0.694235
1.027182
0.531271
-0.440409
-1.049845
-0.797464
0.151022
0.91152
0.933493
0.216024
-0.679666
-0.909464
-0.414469
0.33901
0.716818
0.510519
-0.059549
-0.499613
-0.474893
-0.102274
0.253256
0.374716
0.160788
-0.065653
-0.20878
-0.199015
-0.124247
-0.018351
0.125998
0.19985
0.170858
-0.062296
-0.349771
-0.33848
-0.011026
0.361288
0.461386
0.129355
-0.407755
-0.647318
-0.263407
0.393332
0.726278
0.433615
-0.287516
-0.802042
-0.504801
0.260275
0.697287
0.567282
-0.088541
-0.683023
-0.621683
-0.014078
0.559958
0.628622
0.244711
-0.406839
-0.649149
-0.33848
0.149496
0.507162
0.495871
0.119894
-0.370829
-0.570719
-0.326273
0.144919
0.582235
0.505941
0.042074
-0.503275
-0.634195
-0.261881
0.384787
0.732992
0.457724
-0.228006
-0.759317
-0.66868
0.029257
0.787314
0.784262
0.104025
-0.702555
-0.926554
-0.319559
0.626181
1.008261
0.478781
-0.475809
-1.04252
-0.743753
0.27767
1.025045
0.908468
0.039633
-0.895121
-1.082804
-0.31315
0.728415
1.036947
0.497702
-0.419657
-0.949747
-0.619852
0.187948
0.765341
0.643271
0.011862
-0.599405
-0.658914
-0.085184
0.453756
0.57308
0.219381
-0.274393
-0.529215
-0.340616
0.109213
0.453756
0.436972
0.04299
-0.470926
-0.489847
-0.139505
0.299337
0.507467
0.299948
-0.172159
-0.487406
-0.384561
0.019186
0.43331
0.515097
0.069235
-0.4163
-0.487711
-0.197489
0.316732
0.55477
0.314596
-0.228311
-0.551493
-0.387918
0.060995
0.574606
0.489462
-0.006754
-0.465433
-0.47764
-0.066568
0.392416
0.527914
0.170553
-0.323221
-0.494425
-0.231363
0.24349
0.445211
0.248983
-0.170328
-0.388529
-0.265238
0.045126
0.29537
0.269735
-0.020792
-0.272867
-0.217325
-0.014994
0.183981
0.212362
-0.046732
-0.18284
-0.137674
-0.013468
0.135458
0.181845
0.122336
-0.121195
-0.149881
-0.093729
-0.017435
0.115011
0.120199
0.0613
0.0082
-0.057108
-0.115396
-0.105326
0.026815
0.108603
0.159262
0.058249
-0.111429
-0.179178
-0.056803
0.079001
0.174215
0.128744
-0.057108
-0.193216
-0.147745
0.065573
0.240744
0.206259
-0.013773
-0.247232
-0.253641
-0.054056
0.198019
0.297812
0.103415
-0.123026
-0.26951
-0.203287
0.047262
0.21755
0.209311
0.050314
-0.13035
-0.209696
-0.162088
0.079001
0.227621
0.260885
0.106772
-0.209391
-0.369608
-0.251505
0.159262
0.449789
0.395468
-0.019571
-0.496561
-0.540811
-0.087625
0.476034
0.61672
0.202902
-0.38151
-0.672953
-0.350992
0.299337
0.672873
0.495565
-0.114786
-0.647928
-0.548136
0.033224
0.561178
0.543173
0.107077
-0.439798
-0.583536
-0.191996
0.32894
0.480612
0.29476
-0.227091
-0.508463
-0.343058
0.109518
0.407675
0.367392
0.048483
-0.336954
-0.417215
-0.11265
0.164145
0.370138
0.253561
-0.007364
-0.260355
-0.256082
-0.091593
0.094259
0.212973
0.163839
0.013998
-0.133707
-0.134622
-0.104715
0.037802
0.128134
0.090902
0.010031
-0.058634
-0.071756
0.010031
0.045126
0.053061
-0.062296
-0.043985
-0.039713
0.03414
0.088766
0.029867
-0.033304
-0.030252
-0.003092
0.004843
-0.006754
-0.010416
-0.092813
0.000265
0.084494
0.115011
0.016745
-0.088236
-0.149271
-0.052835
0.089987
0.154074
0.066183
-0.061075
-0.216104
-0.132486
0.059164
0.206259
0.159872
-0.024149
-0.213358
-0.229227
-0.01774
0.141867
0.186422
0.117148
-0.134622
-0.245706
-0.161478
0.071676
0.21755
0.184591
0.01644
-0.217325
-0.170328
-0.017435
0.178793
0.284384
0.115622
-0.158121
-0.324747
-0.173075
0.123556
0.327108
0.292624
0.004538
-0.283853
-0.357706
-0.176432
0.217856
0.426901
0.300558
-0.102579
-0.405924
-0.367777
-0.063211
0.276449
0.474508
0.215109
-0.233499
-0.452616
-0.360758
0.105246
0.506857
0.463217
0.022848
-0.414469
-0.510599
-0.209391
0.303305
0.571554
0.417135
-0.141642
-0.524027
-0.517923
-0.065653
0.438498
0.546225
0.237082
-0.249674
-0.52006
-0.352823
0.10494
0.479696
0.39913
0.003317
-0.394022
-0.444681
-0.095865
0.324667
0.469626
0.241049
-0.179178
-0.42515
-0.357706
0.042074
0.34664
0.385092
0.141867
-0.238382
-0.395548
-0.278971
0.110434
0.348776
0.387533
0.064352
-0.334513
-0.411417
-0.19169
0.190695
0.428122
0.305441
-0.085794
-0.392801
-0.394937
-0.049173
0.313681
0.44216
0.111654
