0.011876
-0.012843
-0.001857
0.013707
-0.019862
-0.009486
0.043615
-0.036036
-0.004603
-0.010707
0.008824
0.008824
0.006688
-0.024745
-0.006434
0.00089
0.016454
0.031713
-0.031154
-0.041835
0.027745
0.022557
0.015233
0.005773
-0.014674
-0.014674
0.017675
-0.005824
0.001195
-0.002467
0.00089
0.015844
-0.024745
-0.014979
-0.014979
0.023168
0.008214
-0.001246
-0.015284
-0.027797
0.032323
-0.036036
-0.069606
-0.003077
0.123265
0.037511
0.013402
0.101293
0.010961
0.022252
0.019811
0.030187
-0.005824
-0.020778
-0.018641
-0.074183
-0.131862
-0.086085
0.177587
0.398839
0.403722
-0.105006
-0.659816
-0.833156
0.067723
1.123937
1.116613
-0.030848
-1.437098
-1.39712
-0.031764
1.627782
2.029088
0.424779
-1.740443
-2.377955
-0.698878
1.816991
2.89182
1.155675
-1.853358
-3.204982
-1.446254
1.970494
3.90775
2.348912
-1.477992
-4.273097
-3.381068
0.554784
4.258702
4.274572
0.326207
-4.203212
-5.235011
-1.502101
3.901036
5.916112
2.365697
-3.691737
-6.594264
-3.373134
3.149694
6.785863
4.068883
-2.548854
-6.921107
-4.844081
1.824926
6.906407
5.516332
-1.140162
-6.754786
-5.94546
0.559362
6.454747
6.22556
0.025609
-6.23141
-6.869532
-1.227748
5.354894
6.731847
1.88413
-4.240138
-5.894191
-2.086818
3.416722
5.446141
2.571385
-2.374904
-4.886805
-2.968776
1.573156
4.664586
3.25559
-1.184108
-4.205958
-3.028285
0.746434
3.523229
2.798741
-0.304591
-2.857997
-2.725551
-0.237452
2.181371
2.37058
0.490392
-1.536891
-1.86465
-0.361964
1.198705
1.439489
0.431798
-0.728785
-1.021144
-0.375392
0.38236
0.567906
0.022557
-0.490138
-0.298793
0.204747
0.225804
-0.215785
-0.677821
-0.437648
0.454076
0.960668
0.411656
-0.763881
-1.406581
-0.807826
0.760167
1.663793
1.097692
-0.586268
-1.781947
-1.295497
0.511144
1.831945
1.44132
-0.243861
-1.658961
-1.493556
0.117772
1.564611
1.605809
0.314916
-1.24911
-1.666896
-0.603053
0.971959
1.663488
0.976232
-0.608546
-1.592128
-1.114833
0.366796
1.57285
1.365331
-0.136439
-1.529261
-1.596705
-0.177028
1.455052
1.781591
0.505651
-1.159694
-1.79629
-0.927455
0.616124
1.470922
1.126378
0.031713
-0.900599
-1.103846
-0.376002
0.44431
0.926183
0.610936
-0.22433
-0.914027
-0.864894
-0.058925
0.900243
1.140416
0.321324
-0.750148
-1.057155
-0.484034
0.540441
1.052831
0.71256
-0.181605
-0.939967
-0.999476
-0.249354
0.845616
1.203893
0.5911
-0.432765
-1.17007
-0.954921
0.042394
0.966771
1.023839
0.17423
-0.811793
-1.138331
-0.305507
0.731176
1.023229
0.196508
-0.837733
-1.076686
-0.284144
0.903295
1.307347
0.462926
-0.942408
-1.499049
-0.601527
0.966161
1.660741
0.728734
-0.946681
-1.732203
-0.740992
1.102574
1.928685
0.81754
-1.235682
-2.03097
-0.842006
1.204198
2.138951
0.910619
-1.181056
-1.973903
-0.804774
1.151708
1.975072
0.996373
-0.975978
-1.953456
-1.164882
0.692723
1.807225
1.177648
-0.56399
-1.685206
-1.13589
0.408605
1.47733
1.115087
-0.24264
-1.364467
-1.164576
0.024999
1.17307
1.247838
0.103734
-1.210353
-1.421229
-0.323512
1.146825
1.62412
0.731176
-0.769374
-1.627223
-1.087672
0.308812
1.383947
1.186498
-0.117213
-1.246364
-1.292445
-0.097987
1.077245
1.287816
0.377477
-0.866115
-1.376063
-0.663173
0.671056
1.423925
0.849889
-0.496241
-1.491725
-1.192958
0.21726
1.458104
1.484349
0.164159
-1.295192
-1.579005
-0.439479
1.131261
1.639989
0.683873
-0.894191
-1.640345
-1.002223
0.674718
1.790746
1.296666
-0.408046
-1.787135
-1.538722
0.056737
1.672338
1.635411
0.164464
-1.373317
-1.684291
-0.55514
1.001866
1.635717
0.822728
-0.638759
-1.433131
-0.971095
0.381749
1.261876
0.995153
-0.07632
-0.966212
-0.968348
-0.16421
0.693639
0.849279
0.290502
-0.402247
-0.674159
-0.375392
0.204137
0.519078
0.38358
0.031102
-0.32809
-0.473048
-0.307643
0.097631
0.473607
0.563634
0.220616
-0.429103
-0.718104
-0.530116
0.123265
0.73911
0.764745
0.058873
-0.687281
-0.906398
-0.482509
0.322545
0.937474
0.790074
0.030492
-0.695521
-0.870997
-0.332667
0.47025
0.83463
0.41715
-0.361659
-0.825831
-0.529811
0.312169
0.865758
0.665258
-0.138881
-0.871302
-0.843226
-0.009181
0.846532
1.003698
0.405858
-0.530726
-1.158168
-0.802028
0.127233
0.982946
1.184667
0.507482
-0.618617
-1.228358
-0.804164
0.239843
1.183446
1.201757
0.119908
-1.119105
-1.46609
-0.599086
0.865758
1.701329
1.094335
-0.555446
-1.739222
-1.426112
0.198339
1.77213
1.67722
0.145848
-1.514613
-1.832301
-0.541102
1.17307
1.762059
0.736974
-0.791957
-1.583278
-1.056544
0.336278
1.190465
0.926793
0.039952
-0.774867
-0.942714
-0.398585
0.425389
0.830968
0.686925
0.059789
-0.732142
-0.888087
-0.351588
0.493749
1.01743
0.785192
-0.177943
-1.134669
-1.112697
-0.187404
1.016515
1.476415
0.588964
-0.881373
-1.598842
-0.92715
0.577367
1.657689
1.393407
-0.126979
-1.479823
-1.591212
-0.390956
1.203893
1.699498
0.701573
-0.900905
-1.63119
-0.87649
0.587133
1.452611
0.900853
-0.39889
-1.289698
-1.059291
0.144933
1.169103
1.126378
0.146459
-0.919825
-1.108424
-0.368068
0.632909
0.911229
0.413488
-0.287501
-0.740992
-0.511195
0.071385
0.472386
0.43485
0.075048
-0.274073
-0.387599
-0.106227
0.142491
0.223973
0.21726
0.027135
-0.148341
-0.196864
-0.110194
0.078405
0.221227
0.268224
0.063451
-0.08578
-0.184047
-0.187709
0.031102
0.179723
0.169652
0.080541
-0.119044
-0.319545
-0.371119
-0.087611
0.201696
0.399755
0.33048
-0.134913
-0.505397
-0.489222
-0.108668
0.379003
0.568822
0.311864
-0.271327
-0.538356
-0.410487
0.084813
0.596288
0.587133
0.047887
-0.505702
-0.642421
-0.17245
0.498021
0.776036
0.275548
-0.441615
-0.776698
-0.480983
0.391515
0.907872
0.615209
-0.251185
-0.902125
-0.799891
-0.021388
0.890782
0.953344
0.249608
-0.631129
-1.025416
-0.565211
0.358861
0.904515
0.731786
0.047277
-0.531031
-0.642115
-0.169398
0.296605
0.332311
0.162938
-0.158717
-0.26797
-0.096461
0.144628
0.202001
0.052159
-0.062281
-0.131862
0.020421
0.14005
0.026219
-0.096461
-0.114161
-0.008265
0.154698
0.154393
-0.043361
-0.271632
-0.201136
-0.009181
0.235875
0.324681
-0.023219
-0.361049
-0.390956
-0.092189
0.275548
0.384191
0.137914
-0.28567
-0.300319
-0.071437
0.169042
0.289586
0.075048
-0.184352
-0.187098
-0.011012
0.13059
0.123876
0.076268
-0.055568
-0.058619
-0.041224
-0.137965
-0.036647
0.198949
0.346654
0.206884
-0.175807
-0.499293
-0.453822
0.095494
0.533422
0.534642
0.069554
-0.550563
-0.686976
-0.18191
0.474828
0.739415
0.329564
-0.347621
-0.774562
-0.412013
0.261205
0.654576
0.472081
-0.213038
-0.689418
-0.516078
0.151647
0.689061
0.60056
-0.02444
-0.721461
-0.714137
-0.064418
0.609105
0.827611
0.282872
-0.536525
-0.853297
-0.440089
0.333837
0.751317
0.589879
-0.149867
-0.664088
-0.531947
-0.036342
0.490392
0.579503
0.134252
-0.408351
-0.567347
-0.224635
0.272802
0.624364
0.397313
-0.222194
-0.569789
-0.50326
-0.032374
0.500463
0.590795
0.134252
-0.461451
-0.642115
-0.351893
0.3317
0.740331
0.44309
-0.184047
-0.639369
-0.559718
0.017369
0.586217
0.58286
0.029882
-0.486476
-0.587489
-0.142848
0.532811
0.628942
0.21726
-0.360133
-0.635707
-0.355861
0.283483
0.709508
0.456212
-0.108058
-0.591761
-0.619838
-0.038783
0.514806
0.590795
0.209935
-0.319545
-0.582301
-0.298488
0.258458
0.480321
0.279821
-0.098292
-0.426051
-0.272853
0.116552
0.33994
0.238927
-0.037867
-0.284144
-0.310389
0.029576
0.291417
0.257543
0.042699
-0.307643
-0.416591
-0.176417
0.19254
0.395787
0.334142
0.085424
-0.3464
-0.402552
-0.18191
0.120519
0.361608
0.33933
0.082372
-0.209681
-0.334803
-0.272242
-0.02505
0.351537
0.373815
0.108312
-0.279567
-0.422389
-0.25912
0.145238
0.411656
0.34879
-0.004908
-0.373256
-0.490443
-0.12057
0.365575
0.606969
0.306676
-0.245082
-0.625941
-0.473964
0.108312
0.579808
0.59934
0.07047
-0.464808
-0.663478
-0.262172
0.334447
0.569127
0.38297
-0.118129
-0.508448
-0.44955
-0.036647
0.431188
0.493444
0.219091
-0.261561
-0.611903
-0.377833
0.156224
0.632909
0.630162
0.05338
-0.63235
-0.83224
-0.282618
0.507482
0.935948
0.483373
-0.345485
-0.921046
-0.684535
0.100988
0.815099
0.83463
0.158971
-0.595424
-0.795009
-0.270106
0.416539
0.766576
0.360082
-0.316188
-0.698573
-0.477931
0.158361
0.652745
0.507482
-0.035121
-0.604884
-0.631434
-0.141627
0.494969
0.663427
0.261205
-0.299403
-0.615565
-0.445582
0.112889
0.464757
0.519994
0.132421
-0.262172
-0.458705
-0.249659
0.099767
0.318273
0.286229
0.053075
-0.26858
-0.334498
-0.186793
0.1135
0.325597
0.271581
-0.020167
-0.281398
-0.261561
-0.040004
0.211461
0.302709
0.093969
-0.215175
-0.307643
-0.127589
0.153173
0.325597
0.224584
-0.047328
-0.253322
-0.251796
-0.060756
0.135167
0.286229
0.118688
-0.096461
-0.164821
-0.14712
-0.012233
0.099767
0.089086
0.040868
-0.022303
-0.046107
-0.105006
0.0192
0.037511
0.007299
-0.034205
-0.039698
-0.01559
0.028661
0.018285
0.000585
-0.009791
0.046971
-0.032985
-0.036342
-0.104396
-0.02444
0.05338
0.142797
0.097325
-0.04275
-0.184352
-0.182216
-0.028407
0.232518
0.299657
0.069249
-0.141932
-0.332057
-0.264918
0.025304
0.282872
0.313085
0.129979
-0.118129
-0.325953
-0.200526
0.088475
0.23557
0.258458
0.089696
-0.170009
-0.280177
-0.153834
0.085424
0.240758
0.252965
0.016149
-0.224635
-0.30215
-0.125758
0.192845
0.403722
0.260289
-0.118739
-0.390956
-0.318019
-0.037867
0.346959
0.393346
0.091832
-0.289027
-0.43368
-0.262172
0.152867
0.450414
0.329869
-0.075099
-0.288722
-0.335719
-0.070826
0.27097
0.332006
0.099767
-0.20785
-0.317103
-0.125148
0.205358
0.356115
0.147069
-0.114467
-0.301844
-0.230739
0.021337
0.211156
0.227941
0.0958
-0.085475
-0.199611
-0.150172
-0.058314
0.107396
0.204137
0.186742
0.042089
-0.185267
-0.260035
-0.152919
0.09641
0.280736
0.190099
-0.064113
-0.277736
-0.193202
0.020116
0.239232
0.201085
