-0.016853
-0.01075
0.023125
0.002983
0.007561
-0.002205
-0.014412
0.007561
-0.008003
0.003289
-0.006172
0.012444
-0.008613
-0.004341
-0.001594
-0.014106
0.020073
0.013054
0.000847
-0.022041
0.003594
0.000542
0.02343
0.004204
-0.026619
-0.002205
0.049675
-0.000679
0.016716
0.018853
-0.014106
0.006035
-0.008918
-0.013496
0.010308
0.004509
0.012139
0.060662
-0.033027
-0.005256
-0.006172
-0.002815
-0.006172
0.006646
0.070732
0.025261
0.013054
-0.001899
0.071648
0.001763
0.020684
0.017632
0.008477
-0.016243
-0.026619
-0.053779
-0.126411
-0.087959
0.137261
0.352104
0.415886
-0.072395
-0.561592
-0.703804
0.046318
0.902642
0.838555
-0.010444
-1.214058
-1.300117
-0.081245
1.366509
1.74218
0.393608
-1.547615
-2.176582
-0.775215
1.590508
2.689751
1.198052
-1.599495
-2.969429
-1.518623
1.675347
3.64251
2.264641
-1.333687
-4.089119
-3.377449
0.50103
4.217156
4.290398
0.336235
-4.290535
-5.3498
-1.407539
4.099968
6.106804
2.336052
-3.957893
-6.786567
-3.242866
3.430107
6.93261
3.878105
-2.892524
-7.07679
-4.644844
2.134026
7.06231
5.428704
-1.47834
-7.040474
-5.956794
0.835198
6.718682
6.319512
-0.14106
-6.484749
-6.906196
-0.965034
5.666741
6.732109
1.604546
-4.488289
-5.877449
-1.796028
3.738335
5.495537
2.260979
-2.690498
-4.910957
-2.756416
1.82946
4.712151
3.113945
-1.412422
-4.302437
-2.986824
1.03936
3.692864
2.806328
-0.505134
-3.107673
-2.703315
0.004204
2.405327
2.481011
0.410698
-1.806404
-2.045967
-0.318367
1.424187
1.707085
0.380791
-1.033699
-1.294319
-0.376655
0.647209
0.80407
0.064019
-0.709297
-0.575325
0.101555
0.480583
0.089958
-0.608284
-0.638801
0.205315
0.875176
0.561455
-0.465461
-1.290657
-0.932075
0.526055
1.533745
1.185234
-0.334541
-1.670601
-1.430427
0.254448
1.783074
1.618279
0.044182
-1.610176
-1.630317
-0.158149
1.482476
1.801689
0.604485
-1.088936
-1.7826
-0.841743
0.809258
1.874932
1.252678
-0.449897
-1.698677
-1.403267
0.194939
1.666497
1.624077
0.073784
-1.57325
-1.871406
-0.419075
1.478813
1.942375
0.711602
-1.107246
-1.93885
-1.076423
0.576714
1.563042
1.23803
0.10186
-1.031257
-1.186592
-0.462715
0.540093
1.019829
0.630425
-0.304329
-0.989753
-0.879585
-0.073616
0.982903
1.115654
0.323418
-0.764534
-1.062996
-0.460273
0.510186
1.048516
0.694207
-0.21064
-0.954353
-1.021492
-0.194771
0.79644
1.15075
0.584954
-0.492927
-1.153022
-0.905525
0.100334
0.962456
0.97802
0.227288
-0.802681
-1.034004
-0.343086
0.668267
0.893792
0.219963
-0.682747
-0.910408
-0.2201
0.771111
1.068352
0.307854
-0.83625
-1.255562
-0.449592
0.916985
1.362847
0.489434
-0.87989
-1.422798
-0.452644
1.070183
1.578606
0.364922
-1.223823
-1.57447
-0.35041
1.36071
1.736687
0.35241
-1.362678
-1.662056
-0.310737
1.340264
1.77575
0.470513
-1.237251
-1.854927
-0.763923
0.963066
1.74157
0.791558
-0.899116
-1.681587
-0.793831
0.760735
1.601189
0.906609
-0.612861
-1.492378
-1.028511
0.320977
1.373223
1.187981
-0.113594
-1.358406
-1.476814
-0.215828
1.249626
1.691216
0.683525
-0.858833
-1.738044
-1.165229
0.387505
1.541375
1.267632
-0.097114
-1.405708
-1.420662
-0.137092
1.213921
1.473015
0.455864
-0.913154
-1.534187
-0.77491
0.721062
1.491326
0.96917
-0.521614
-1.600715
-1.300422
0.189141
1.54168
1.539238
0.171746
-1.353828
-1.654426
-0.404731
1.163872
1.660393
0.739678
-0.879585
-1.707832
-1.02668
0.678643
1.791619
1.318291
-0.352546
-1.761238
-1.59095
0.075615
1.644524
1.67199
0.227898
-1.372139
-1.73896
-0.599434
1.003655
1.679314
0.889519
-0.561897
-1.539375
-1.00196
0.345391
1.281365
1.046379
-0.008918
-0.979683
-1.031868
-0.201484
0.68261
0.840691
0.367668
-0.400459
-0.720588
-0.447761
0.145806
0.537041
0.487297
0.082939
-0.380317
-0.540229
-0.35041
0.092095
0.552605
0.662163
0.173882
-0.419685
-0.719673
-0.528938
0.132988
0.75158
0.746086
0.069512
-0.636665
-0.886299
-0.515205
0.334404
0.870293
0.756157
0.048149
-0.678169
-0.86158
-0.32325
0.458306
0.783318
0.415581
-0.327217
-0.774604
-0.473396
0.274895
0.79522
0.645073
-0.09864
-0.799629
-0.756904
0.021599
0.804375
0.94384
0.364312
-0.561897
-1.066047
-0.723945
0.183953
1.013726
1.157463
0.399102
-0.730964
-1.258308
-0.745918
0.317009
1.234368
1.092156
0.014885
-1.152107
-1.381294
-0.443794
0.985955
1.667717
0.891655
-0.73249
-1.762153
-1.241523
0.495842
1.827629
1.50689
-0.142585
-1.69593
-1.757271
-0.27137
1.393059
1.700371
0.517815
-0.96717
-1.60865
-0.823433
0.502251
1.187676
0.802849
-0.094673
-0.824958
-0.926887
-0.242988
0.524529
0.803154
0.567559
-0.127632
-0.756599
-0.779182
-0.188667
0.569084
0.948723
0.693291
-0.312263
-1.071541
-1.012031
-0.021431
1.046685
1.338738
0.461052
-0.925361
-1.514961
-0.766975
0.647209
1.631707
1.179131
-0.266182
-1.469185
-1.428596
-0.168831
1.176689
1.509941
0.516899
-0.915596
-1.511604
-0.675422
0.629814
1.279534
0.753716
-0.495369
-1.226875
-0.844795
0.233391
1.074456
0.948418
0.038689
-0.840522
-0.935127
-0.209114
0.568779
0.82116
0.317314
-0.353157
-0.641243
-0.382454
0.090264
0.403984
0.297173
0.035637
-0.255806
-0.283882
-0.027229
0.133293
0.186089
0.106438
0.014885
-0.069343
-0.103523
-0.01075
-0.000374
0.138176
0.143364
0.142449
-0.047065
-0.169746
-0.181343
-0.067207
0.119866
0.237358
0.149773
-0.052864
-0.339119
-0.388252
-0.188362
0.245598
0.487908
0.367668
-0.088569
-0.535347
-0.574409
-0.097114
0.455254
0.618828
0.298394
-0.299141
-0.622017
-0.439521
0.145195
0.629814
0.630425
0.035332
-0.610725
-0.768806
-0.116951
0.582207
0.820549
0.296563
-0.518867
-0.868293
-0.443489
0.43908
0.962456
0.682915
-0.221321
-0.985481
-0.824348
0.002983
0.923088
1.016777
0.284355
-0.702888
-1.061775
-0.593635
0.360649
0.965508
0.789116
0.00512
-0.610725
-0.699531
-0.202705
0.320977
0.44915
0.195549
-0.138923
-0.267097
-0.156624
0.136956
0.226677
0.086602
-0.044014
-0.098945
-0.019905
0.017632
0.011223
-0.0727
-0.04554
0.05822
0.171746
-0.00373
-0.168525
-0.209114
-0.122444
0.193413
0.364006
0.215386
-0.2024
-0.490181
-0.380623
0.039299
0.475396
0.374077
-0.050422
-0.383064
-0.367805
0.007866
0.367058
0.30877
-0.019294
-0.29792
-0.221016
0.001152
0.275505
0.192498
0.029839
-0.133125
-0.181953
-0.14106
-0.042183
0.116204
0.290154
0.324944
0.10064
-0.325386
-0.471565
-0.275947
0.221794
0.57946
0.442437
-0.15052
-0.621711
-0.583259
-0.018074
0.556877
0.725334
0.127495
-0.57563
-0.722114
-0.28144
0.445183
0.775383
0.342949
-0.445625
-0.792
-0.392219
0.323418
0.829094
0.554436
-0.310737
-0.820991
-0.68061
0.051506
0.76928
0.827874
0.148552
-0.664436
-0.860054
-0.378486
0.48394
0.912712
0.478142
-0.260383
-0.694038
-0.553962
0.049065
0.584954
0.565422
0.004204
-0.44593
-0.578987
-0.239326
0.400017
0.628899
0.326775
-0.235969
-0.61042
-0.521614
0.021904
0.605095
0.576714
0.113762
-0.498115
-0.712349
-0.284187
0.374993
0.691765
0.443962
-0.189277
-0.658027
-0.574714
0.104302
0.566338
0.557793
0.014275
-0.53199
-0.563728
-0.051643
0.512017
0.610283
0.224846
-0.364448
-0.658333
-0.34156
0.295342
0.723503
0.47509
-0.122749
-0.630867
-0.545417
-0.02021
0.495232
0.575798
0.142449
-0.318367
-0.52314
-0.258857
0.214165
0.450371
0.245293
-0.171882
-0.383064
-0.214302
0.089958
0.320671
0.234001
-0.044624
-0.276558
-0.249397
0.033196
0.247429
0.254753
-0.01075
-0.310432
-0.336372
-0.09864
0.157402
0.358818
0.273979
-0.014106
-0.282966
-0.329353
-0.161812
0.139092
0.334099
0.273979
0.053337
-0.127327
-0.334541
-0.247871
0.009087
0.282524
0.323723
0.108879
-0.218879
-0.360176
-0.173408
0.138176
0.280693
0.295342
-0.040962
-0.3852
-0.365364
-0.018379
0.385369
0.506218
0.209587
-0.305549
-0.572578
-0.353157
0.155571
0.571526
0.508965
0.035637
-0.477363
-0.558845
-0.200874
0.288933
0.530022
0.310295
-0.097114
-0.447761
-0.390693
-0.00312
0.355461
0.471733
0.142144
-0.295173
-0.545723
-0.344307
0.202263
0.610588
0.584648
-0.024177
-0.636665
-0.742561
-0.212166
0.570916
0.855339
0.404595
-0.395271
-0.878669
-0.581123
0.168999
0.817803
0.719536
0.078667
-0.672065
-0.739509
-0.128853
0.517815
0.68261
0.25811
-0.388252
-0.702583
-0.356514
0.272148
0.60479
0.466851
-0.130073
-0.629341
-0.570442
-0.003425
0.487297
0.573967
0.230034
-0.35926
-0.582649
-0.347664
0.137871
0.473259
0.458
0.084771
-0.301887
-0.396187
-0.188667
0.128716
0.268486
0.24804
0.009392
-0.213691
-0.267097
-0.15113
0.107354
0.298699
0.199822
-0.031807
-0.253975
-0.181648
-0.024482
0.237664
0.200127
0.005425
-0.186531
-0.244514
-0.093452
0.158623
0.269097
0.158928
-0.06324
-0.162727
-0.230476
-0.035469
0.114373
0.176018
0.112236
-0.011055
-0.121833
-0.112983
-0.034858
0.057
0.037468
0.078667
-0.024177
-0.036995
-0.040046
-0.022041
-0.008613
0.011223
-0.009529
-0.025703
-0.047676
0.011833
-0.040046
0.020989
0.050896
0.027397
-0.015632
-0.060188
-0.122749
-0.047676
0.085991
0.158623
0.06585
-0.023262
-0.22071
-0.231697
0.024651
0.219658
0.285576
0.1278
-0.161812
-0.360481
-0.238716
0.100334
0.288323
0.347832
0.103081
-0.246345
-0.327522
-0.179817
0.076226
0.305107
0.28405
0.038689
-0.26313
-0.250923
-0.154792
0.140007
0.332878
0.204094
-0.056526
-0.276863
-0.310737
-0.051643
0.300225
0.416191
0.175103
-0.205146
-0.471565
-0.304329
0.113762
0.449456
0.399407
0.029534
-0.387031
-0.503914
-0.203315
0.21386
0.50866
0.341423
-0.088875
-0.434028
-0.342781
0.017021
0.315483
0.35241
0.060967
-0.300056
-0.396492
-0.058357
0.259331
0.393303
0.234917
-0.206062
-0.388862
-0.232612
0.058525
0.270928
0.29168
0.139702
-0.17707
-0.243293
-0.143501
-0.005867
0.190667
0.2398
0.128716
-0.052559
-0.236885
-0.256111
-0.066902
0.190056
0.269097
0.1101
-0.158149
-0.323555
-0.148079
0.158928
0.286797
0.156487
