-0.015726
-0.010843
0.018149
-0.025186
0.004416
0.016623
-0.038004
0.015707
0.009604
-0.009622
0.015097
-0.019693
-0.015115
-0.026712
0.008994
-0.016336
0.030661
-0.049295
0.009604
0.007773
-0.007486
0.003195
0.01937
0.004721
-0.020914
0.017844
-0.033731
0.012656
-0.016336
0.015097
0.019675
-0.019388
-0.006876
0.012961
-0.001993
0.023947
0.048666
-0.02305
-0.007486
0.007468
-0.024271
-0.065775
-0.019388
0.000449
0.1155
0.02883
-0.011453
0.038901
0.022421
0.003195
0.057516
-0.010843
-0.001688
0.01235
-0.028238
-0.067911
-0.12803
-0.099649
0.096579
0.365134
0.420676
-0.045023
-0.630045
-0.791177
0.050803
0.998679
0.953207
0.016928
-1.320657
-1.407327
-0.098428
1.505576
1.888266
0.474692
-1.609659
-2.290506
-0.786295
1.674338
2.794333
1.228171
-1.687479
-3.091287
-1.516275
1.763144
3.817892
2.399741
-1.351785
-4.159402
-3.41752
0.510397
4.258566
4.35195
0.355978
-4.245767
-5.339822
-1.437234
4.000998
6.008444
2.361288
-3.856973
-6.735086
-3.340616
3.297568
6.840964
4.02236
-2.756204
-7.021951
-4.820108
1.985617
7.087546
5.565634
-1.362466
-7.007303
-6.025247
0.655966
6.706992
6.345358
-0.048074
-6.392374
-6.926431
-1.077127
5.604697
6.757346
1.705161
-4.441995
-5.913858
-1.876993
3.662253
5.459738
2.417746
-2.525797
-4.922342
-2.854166
1.758871
4.765768
3.207541
-1.291666
-4.339456
-2.964029
0.909567
3.630209
2.818442
-0.429544
-3.015604
-2.711343
-0.134134
2.297507
2.430563
0.348044
-1.703043
-1.929483
-0.351114
1.346884
1.550131
0.341635
-0.889139
-1.178751
-0.347147
0.61019
0.692282
-0.030984
-0.616922
-0.461588
0.193625
0.412131
-0.071268
-0.650491
-0.564737
0.312033
0.94039
0.510397
-0.629129
-1.328287
-0.901346
0.588522
1.621542
1.164084
-0.429239
-1.734171
-1.415872
0.338583
1.821127
1.57363
-0.041666
-1.653299
-1.579446
-0.003214
1.567831
1.730185
0.4457
-1.175394
-1.764688
-0.730142
0.90621
1.833029
1.066733
-0.512552
-1.635294
-1.280374
0.278769
1.621848
1.493979
-0.059366
-1.546182
-1.779642
-0.281839
1.428366
1.873312
0.62728
-1.13389
-1.88096
-1.008463
0.563193
1.470175
1.226645
0.02883
-1.009988
-1.182718
-0.436563
0.527487
0.972433
0.586081
-0.253763
-0.951395
-0.905618
-0.037698
0.927267
1.090536
0.37673
-0.739297
-1.118326
-0.445413
0.551596
1.055441
0.730429
-0.151834
-0.965128
-0.971231
-0.186929
0.759421
1.215048
0.623312
-0.490274
-1.157999
-0.898904
0.075217
0.972433
1.046896
0.143881
-0.794229
-1.017618
-0.337686
0.691367
0.973044
0.225974
-0.77836
-1.009988
-0.276956
0.766135
1.197348
0.375204
-0.902261
-1.348428
-0.516214
0.90621
1.498862
0.596762
-0.90806
-1.562662
-0.529642
1.086874
1.744833
0.53176
-1.23765
-1.809549
-0.565652
1.339255
1.963034
0.61019
-1.313638
-1.875467
-0.53605
1.316977
1.946249
0.708151
-1.128397
-1.910562
-0.939798
0.871725
1.813193
0.961752
-0.773477
-1.705179
-0.951089
0.631857
1.613608
0.953513
-0.486307
-1.453714
-1.114053
0.195151
1.311484
1.225119
-0.022134
-1.299295
-1.466531
-0.296487
1.236411
1.6603
0.701743
-0.798196
-1.685037
-1.145181
0.358115
1.489401
1.214133
-0.099954
-1.336526
-1.389932
-0.082864
1.175986
1.373434
0.408163
-0.898904
-1.475076
-0.715799
0.7405
1.460715
0.937338
-0.488138
-1.588297
-1.259622
0.217734
1.519308
1.53884
0.1686
-1.360941
-1.673135
-0.397806
1.126852
1.645956
0.73989
-0.886087
-1.704874
-1.002054
0.661765
1.805869
1.335287
-0.357523
-1.817178
-1.529092
0.08132
1.664267
1.649924
0.19454
-1.402139
-1.706094
-0.574808
1.012717
1.659995
0.848532
-0.670938
-1.491251
-0.995035
0.378867
1.290427
0.994101
-0.074625
-0.979776
-0.995645
-0.155801
0.720358
0.861655
0.297079
-0.372781
-0.738687
-0.409708
0.172263
0.527792
0.431967
0.052328
-0.359354
-0.530252
-0.311136
0.078879
0.494223
0.623312
0.203696
-0.39689
-0.722208
-0.538797
0.134726
0.74996
0.764609
0.030966
-0.64866
-0.905313
-0.495157
0.336447
0.911398
0.782919
0.01998
-0.724344
-0.847635
-0.318155
0.505515
0.788412
0.425864
-0.355386
-0.81254
-0.489053
0.281516
0.841818
0.693808
-0.135965
-0.866251
-0.832681
0.020895
0.79238
1.004172
0.377951
-0.543069
-1.067667
-0.764017
0.131979
1.006613
1.161337
0.44631
-0.676431
-1.214761
-0.798807
0.329428
1.181784
1.098166
0.099936
-1.114359
-1.450662
-0.511636
0.939169
1.662741
0.973349
-0.615396
-1.829996
-1.320963
0.387717
1.766806
1.594382
0.021201
-1.642007
-1.806802
-0.381326
1.272726
1.728354
0.711508
-0.922098
-1.609964
-0.897684
0.402975
1.172018
0.883627
-0.046854
-0.84855
-0.863809
-0.324258
0.438986
0.88027
0.608969
-0.086221
-0.731058
-0.831155
-0.277567
0.560751
1.039267
0.679465
-0.213785
-1.108865
-1.114359
-0.093546
1.096335
1.434164
0.547018
-0.937662
-1.614847
-0.883951
0.700217
1.634665
1.291953
-0.194559
-1.526041
-1.509866
-0.235452
1.210471
1.620322
0.59371
-0.963297
-1.612405
-0.746011
0.620871
1.377097
0.808859
-0.471658
-1.296854
-0.93461
0.205527
1.142111
1.048422
0.073386
-0.927896
-0.993509
-0.269327
0.640402
0.85372
0.34957
-0.339517
-0.676736
-0.443582
0.083762
0.440207
0.378561
0.019064
-0.264444
-0.338602
-0.070963
0.131979
0.192709
0.147238
0.043173
-0.097208
-0.118875
-0.055704
0.026999
0.171652
0.244589
0.093832
-0.046854
-0.174112
-0.193338
-0.028543
0.165244
0.206747
0.095663
-0.054483
-0.332193
-0.392618
-0.113077
0.212241
0.445395
0.347433
-0.120096
-0.521402
-0.528421
-0.097208
0.352316
0.612021
0.292197
-0.29313
-0.597391
-0.438699
0.138998
0.639182
0.587912
0.015402
-0.591592
-0.64866
-0.168008
0.568991
0.776205
0.304404
-0.484781
-0.859232
-0.458841
0.45394
0.947104
0.631857
-0.269937
-0.919046
-0.829935
0.063925
0.865927
0.985861
0.297385
-0.697794
-1.067361
-0.546426
0.397787
0.934592
0.744467
0.014792
-0.641641
-0.601968
-0.177469
0.298605
0.429831
0.186606
-0.186014
-0.286417
-0.120706
0.095969
0.227194
0.096274
-0.118265
-0.102701
-0.017252
0.025778
0.019064
-0.07554
-0.074625
0.034323
0.189963
0.040427
-0.11918
-0.218668
-0.173196
0.12435
0.332785
0.256491
-0.113077
-0.437479
-0.406961
-0.044717
0.400839
0.373679
0.051718
-0.320596
-0.344095
-0.020609
0.2983
0.269003
0.025778
-0.230875
-0.201578
0.001364
0.22872
0.163718
0.047446
-0.099344
-0.147562
-0.10209
-0.051736
0.043784
0.244284
0.338889
0.135031
-0.266885
-0.486307
-0.391092
0.164633
0.597067
0.497885
-0.053262
-0.575113
-0.652322
-0.106363
0.562888
0.738974
0.223227
-0.432596
-0.783548
-0.361185
0.394125
0.738974
0.372153
-0.337686
-0.74418
-0.475931
0.28884
0.768576
0.543661
-0.133829
-0.782327
-0.731668
-0.005045
0.72341
0.816794
0.210104
-0.58671
-0.91691
-0.383463
0.443869
0.792075
0.549765
-0.185403
-0.689249
-0.560464
0.022726
0.557394
0.572653
0.145102
-0.463113
-0.573282
-0.205545
0.324545
0.630942
0.377951
-0.21409
-0.593729
-0.519876
-0.013589
0.496664
0.632162
0.105429
-0.497598
-0.696878
-0.322733
0.354453
0.696555
0.432272
-0.193338
-0.651712
-0.531168
0.02883
0.60256
0.542136
0.071555
-0.532083
-0.601358
-0.08439
0.529929
0.632468
0.224753
-0.397501
-0.659036
-0.366678
0.327292
0.665427
0.490561
-0.104532
-0.625467
-0.563516
-0.011453
0.508566
0.589133
0.195456
-0.33555
-0.561075
-0.233011
0.203391
0.466452
0.277548
-0.164651
-0.418558
-0.24003
0.113974
0.330954
0.276022
-0.059061
-0.331888
-0.212564
0.013571
0.247946
0.274802
0.016623
-0.30076
-0.372781
-0.131387
0.147238
0.399924
0.316611
-0.051126
-0.277567
-0.340433
-0.174722
0.130453
0.323019
0.297995
0.059653
-0.158243
-0.349893
-0.234537
0.060873
0.282431
0.337363
0.101767
-0.235452
-0.372781
-0.215311
0.12374
0.337668
0.343771
-0.058755
-0.376443
-0.426187
-0.063028
0.396262
0.558615
0.251303
-0.272684
-0.594644
-0.40513
0.108481
0.599203
0.531454
0.089255
-0.461588
-0.620584
-0.231485
0.309286
0.539084
0.344382
-0.12681
-0.460367
-0.425272
0.006552
0.34194
0.485678
0.183554
-0.316629
-0.591287
-0.341959
0.190573
0.649252
0.601035
-0.001382
-0.651712
-0.745096
-0.261697
0.543051
0.922079
0.467673
-0.400552
-0.915994
-0.644693
0.144492
0.851584
0.777731
0.039206
-0.608682
-0.770425
-0.218668
0.499106
0.739279
0.306235
-0.369119
-0.689554
-0.447244
0.240927
0.666647
0.455771
-0.086526
-0.607156
-0.623026
-0.070657
0.491782
0.634909
0.24642
-0.283975
-0.633707
-0.389261
0.134726
0.463095
0.474081
0.11489
-0.293741
-0.432291
-0.224771
0.085287
0.276633
0.297385
0.000754
-0.236673
-0.300455
-0.168924
0.120993
0.319052
0.224753
-0.020303
-0.251321
-0.225381
-0.039224
0.254355
0.221396
0.055991
-0.195779
-0.288858
-0.102701
0.171347
0.282736
0.191794
-0.033731
-0.228433
-0.240335
-0.03251
0.111838
0.222922
0.123434
-0.061502
-0.154276
-0.103922
-0.016946
0.084982
0.116721
0.022116
-0.017557
-0.020914
-0.081949
-0.022745
0.031271
0.001364
-0.018167
-0.029153
-0.029459
-0.054788
0.022726
0.008078
0.021201
0.062399
-0.011758
-0.076761
-0.107889
-0.052957
0.082236
0.174704
0.140829
-0.070047
-0.173502
-0.205545
-0.008096
0.237265
0.298911
0.125876
-0.148477
-0.362405
-0.254373
0.039511
0.317526
0.296774
0.107565
-0.226602
-0.314493
-0.164957
0.081625
0.292807
0.277853
0.035239
-0.20524
-0.264749
-0.131387
0.124045
0.344992
0.19393
-0.047769
-0.257425
-0.313577
-0.085916
0.278159
0.407553
0.179587
-0.152444
-0.434732
-0.367899
0.092612
0.411215
0.394431
0.048972
-0.352945
-0.474405
-0.215005
0.238486
0.430136
0.352927
-0.077982
-0.396585
-0.319986
-0.01481
0.301047
0.354147
0.048666
-0.277261
-0.361795
-0.044107
0.221091
0.37612
0.175009
-0.154581
-0.340433
-0.247964
0.043478
0.282431
0.262289
0.0978
-0.108194
-0.241556
-0.168314
0.036459
0.110617
0.222617
0.201559
-0.016336
-0.231485
-0.252237
-0.100565
0.10787
0.311118
0.14968
-0.157632
-0.272379
-0.194864
0.090475
0.2806
0.165244
