-0.013251
0.002008
-0.001959
-0.001959
0.054498
-0.026373
-0.014777
0.007196
-0.005927
0.000787
-0.002875
-0.02088
-0.039801
0.016962
-0.019659
0.01391
-0.011115
-0.003485
0.017267
-0.018134
-0.02851
0.006281
0.015131
-0.001044
0.017877
-0.005621
-0.00318
0.018488
-0.008063
-0.00379
0.00567
-0.016913
-0.009283
0.004755
0.034357
-0.014166
0.040155
-0.032172
0.006281
-0.039801
-0.019965
-0.000128
0.023676
-0.022101
-0.014166
0.004755
-0.032782
-0.009894
-0.05506
-0.123114
0.002008
0.139642
0.008417
0.002313
0.069147
0.018793
-0.062384
-0.049872
-0.07215
0.081964
0.282465
0.272699
0.008112
-0.449347
-0.532965
0.043207
0.704218
0.792108
-0.074896
-1.067938
-1.06214
0.23089
1.374078
1.207452
-0.084052
-1.601996
-1.742682
-0.122504
1.771112
2.28808
0.468927
-1.894049
-2.558722
-0.559821
2.277094
3.205133
1.02038
-2.511725
-4.048895
-1.863531
2.406183
4.914117
2.888666
-2.262701
-5.832343
-3.984198
1.868158
6.28222
4.707513
-1.622137
-6.587042
-5.445685
1.009088
6.493707
5.768915
-0.469489
-6.361823
-6.314215
-0.259528
6.060052
6.586176
0.908075
-5.567755
-6.710333
-1.609015
4.966913
6.831232
2.393976
-4.288763
-6.994757
-3.166327
3.509698
6.634698
3.361383
-2.735724
-5.807013
-3.133978
2.257867
5.257745
3.238092
-1.497015
-4.501776
-3.299384
0.716425
3.997675
3.60827
-0.2992
-3.795905
-3.42298
0.056635
3.178278
3.18194
0.272394
-2.64295
-2.994208
-0.684943
2.061639
2.715326
0.796686
-1.724677
-2.482123
-0.786871
1.52514
2.139154
0.657526
-1.281866
-1.82691
-0.558905
1.088434
1.45434
0.298639
-1.08045
-1.295599
-0.154547
1.104303
1.007867
-0.269598
-1.293463
-0.929999
0.496393
1.38476
0.787836
-0.739569
-1.633124
-0.946783
0.839105
1.927362
1.207758
-0.774969
-2.189764
-1.440863
0.776544
2.352777
1.717706
-0.453314
-2.213873
-1.829352
0.250116
2.083002
2.104974
0.225702
-1.857733
-2.211432
-0.474982
1.711603
2.373529
0.894952
-1.417059
-2.375922
-1.104254
1.168695
2.29632
1.346918
-0.797858
-2.280402
-1.611456
0.408807
2.025323
1.773553
-0.000128
-1.732611
-1.90351
-0.54212
1.224847
1.780267
0.770746
-0.689215
-1.471991
-0.934882
0.247064
1.067377
0.914789
0.078302
-0.851263
-1.038031
-0.388312
0.513788
1.111627
0.731073
-0.282721
-1.00202
-0.761847
0.095697
0.836359
0.920892
0.197931
-0.614142
-0.883917
-0.505499
0.319696
0.965753
0.800958
-0.033087
-0.836615
-0.940375
-0.332465
0.597406
0.910516
0.537897
-0.282416
-0.814337
-0.683722
-0.010504
0.548273
0.46557
-0.013251
-0.370917
-0.279364
0.098749
0.376459
0.186639
-0.227484
-0.433478
-0.150275
0.35174
0.501276
0.07403
-0.509467
-0.520453
0.084406
0.737177
0.718866
-0.259833
-1.085028
-0.751776
0.422235
1.304803
0.994135
-0.329718
-1.471991
-1.16712
0.351434
1.54101
1.38476
-0.054755
-1.43598
-1.501288
-0.17774
1.262994
1.548944
0.392023
-1.166815
-1.67951
-0.60224
0.982233
1.690546
0.887018
-0.720953
-1.68653
-1.195197
0.298029
1.521173
1.495844
0.162531
-1.405463
-1.782355
-0.655035
1.042963
1.872736
1.15954
-0.528387
-1.761603
-1.532111
-0.055975
1.450067
1.687799
0.426813
-1.234564
-1.794562
-0.78382
0.914178
1.765924
1.067987
-0.541205
-1.598029
-1.327948
0.16131
1.565118
1.522699
0.15246
-1.361517
-1.715216
-0.548529
1.166864
1.833673
0.810419
-0.850958
-1.752142
-1.117682
0.562311
1.680475
1.321283
-0.178046
-1.503424
-1.467413
-0.102667
1.456476
1.608148
0.413385
-1.211981
-1.745123
-0.722784
0.975519
1.80163
0.966058
-0.674261
-1.726813
-1.245245
0.286432
1.52392
1.38537
0.097528
-1.230292
-1.428656
-0.395331
0.874811
1.322504
0.565363
-0.547614
-1.110968
-0.684943
0.254388
0.841547
0.713983
-0.015082
-0.599493
-0.696539
-0.197272
0.40545
0.63891
0.385309
-0.189948
-0.554022
-0.560736
-0.131354
0.362115
0.600458
0.394464
-0.109991
-0.55036
-0.553717
-0.188422
0.364557
0.636469
0.425897
-0.167975
-0.61994
-0.656256
-0.204291
0.497919
0.806451
0.433221
-0.252203
-0.696539
-0.570807
0.044122
0.637994
0.597711
0.074945
-0.482306
-0.610175
-0.153326
0.44726
0.601373
0.164056
-0.366339
-0.608954
-0.239996
0.39538
0.696588
0.429865
-0.21192
-0.750861
-0.723395
-0.083746
0.723444
0.946222
0.531793
-0.357184
-1.046881
-0.837836
0.047479
0.933405
1.104303
0.287958
-0.857977
-1.326422
-0.629095
0.624567
1.439081
0.995355
-0.414862
-1.497626
-1.255316
0.131708
1.484857
1.530634
0.176569
-1.317572
-1.630377
-0.470404
0.993219
1.525446
0.643182
-0.684637
-1.293768
-0.796637
0.258966
0.943475
0.710016
0.032526
-0.581488
-0.67121
-0.278143
0.313287
0.629755
0.468011
-0.02149
-0.530219
-0.675177
-0.233588
0.363641
0.788751
0.599847
-0.071844
-0.836615
-0.90589
-0.189337
0.739008
1.127191
0.532709
-0.594611
-1.207404
-0.732245
0.356622
1.110101
0.971246
-0.010809
-0.966315
-1.060309
-0.287909
0.686212
1.101556
0.540643
-0.492987
-1.023688
-0.551276
0.326105
0.889764
0.570856
-0.269598
-0.813727
-0.61048
0.118585
0.64776
0.651727
-0.008368
-0.597052
-0.565619
-0.071539
0.407892
0.463739
0.107599
-0.254034
-0.2992
-0.056891
0.10119
0.132318
-0.008063
-0.158209
-0.045905
0.096918
0.171686
0.037103
-0.176215
-0.201849
-0.010504
0.235162
0.218683
0.050531
-0.249762
-0.239691
-0.01264
0.269647
0.333734
0.117059
-0.260138
-0.42951
-0.154242
0.258966
0.5086
0.347162
-0.250677
-0.67121
-0.526862
0.071893
0.60412
0.678278
0.127435
-0.505804
-0.834174
-0.395026
0.383783
0.780817
0.574213
-0.137762
-0.727972
-0.709662
-0.054755
0.650812
0.791803
0.274225
-0.555243
-0.908942
-0.388617
0.455194
0.954462
0.624872
-0.287909
-0.945563
-0.794196
0.152155
0.905634
0.961786
0.092035
-0.785651
-0.999274
-0.35108
0.634637
1.099115
0.652032
-0.389227
-1.103339
-0.87049
0.026727
0.90014
0.945612
0.299249
-0.541815
-0.826239
-0.492072
0.15307
0.565057
0.494562
0.051447
-0.322699
-0.362982
-0.09809
0.114618
0.203119
0.143915
0.034052
-0.042853
-0.169196
-0.192694
-0.134711
0.105463
0.280939
0.233331
-0.004401
-0.416998
-0.460638
-0.083136
0.427118
0.619989
0.25683
-0.381293
-0.717902
-0.39411
0.286432
0.6914
0.496393
-0.171027
-0.65351
-0.49848
0.111261
0.615411
0.527521
-0.092291
-0.556769
-0.461859
-0.01142
0.454279
0.515314
0.137506
-0.291876
-0.453009
-0.286688
0.021539
0.369745
0.457025
0.306879
-0.117316
-0.462775
-0.54151
-0.160345
0.432306
0.666376
0.352045
-0.300726
-0.803656
-0.560736
0.138422
0.784784
0.71734
0.033136
-0.752386
-0.877814
-0.175299
0.694452
0.91662
0.334039
-0.624823
-0.996832
-0.486884
0.496393
0.99566
0.644098
-0.258002
-0.989813
-0.832343
0.053278
0.879388
0.912653
0.240045
-0.685248
-1.049628
-0.47193
0.461298
0.942255
0.621515
-0.192084
-0.773444
-0.621466
0.071283
0.57879
0.601678
0.136896
-0.436224
-0.590033
-0.257697
0.27514
0.614191
0.419183
-0.140509
-0.607733
-0.502142
-0.107855
0.459467
0.631281
0.266901
-0.36756
-0.661749
-0.435309
0.138727
0.629144
0.550409
-0.033698
-0.531439
-0.593695
-0.111212
0.427423
0.605341
0.195795
-0.399298
-0.597968
-0.243964
0.330988
0.646539
0.353571
-0.253119
-0.571722
-0.457587
0.084406
0.593744
0.563837
0.065485
-0.451788
-0.552802
-0.213751
0.354486
0.569635
0.205865
-0.175909
-0.429205
-0.301947
0.100275
0.366693
0.244318
-0.048346
-0.224432
-0.240607
0.004144
0.232416
0.177789
-0.007147
-0.138373
-0.156683
-0.01264
0.145441
0.124689
-0.058112
-0.170721
-0.182318
-0.058112
0.154291
0.19671
0.097833
-0.036749
-0.161871
-0.187506
-0.069708
0.106378
0.150629
0.162225
0.057245
-0.137762
-0.162482
-0.150275
-0.059027
0.110345
0.215631
0.113092
-0.066351
-0.174994
-0.161261
0.059686
0.233942
0.168329
-0.02149
-0.200629
-0.262579
-0.059027
0.241266
0.333734
0.137506
-0.12464
-0.354742
-0.324225
0.091119
0.326715
0.313593
0.11828
-0.182928
-0.340704
-0.213141
0.096307
0.242487
0.256219
0.07525
-0.242438
-0.267462
-0.106635
0.126825
0.314203
0.257135
-0.107855
-0.395026
-0.350165
0.025812
0.455194
0.584589
0.083795
-0.48017
-0.638861
-0.276312
0.360284
0.708795
0.435052
-0.278754
-0.705084
-0.534796
0.071588
0.674615
0.599237
0.016656
-0.518011
-0.55799
-0.117316
0.407587
0.567804
0.174738
-0.320258
-0.51496
-0.323004
0.212885
0.488153
0.312982
-0.107245
-0.418829
-0.41181
-0.036139
0.394159
0.438715
0.15368
-0.16767
-0.414862
-0.279974
0.065179
0.312067
0.306573
0.106073
-0.146002
-0.317511
-0.152106
0.056024
0.122858
0.146356
0.037714
-0.061469
-0.113043
-0.094427
-0.022101
0.099969
0.171991
-0.007452
-0.097174
-0.065741
0.015741
0.081049
0.07464
-0.015692
-0.08985
-0.066656
-0.015082
0.0133
0.116449
0.068231
-0.01142
0.012384
-0.005316
-0.054449
-0.086493
-0.034918
0.053888
0.124384
0.12652
-0.010809
-0.131049
-0.148444
-0.079779
0.03161
0.178094
0.130487
-0.057501
-0.166449
-0.127997
-0.001044
0.156427
0.093256
0.000177
-0.135626
-0.138983
-0.060858
0.099054
0.1961
0.090509
-0.090765
-0.195441
-0.190558
0.035272
0.207086
0.225397
0.016962
-0.150275
-0.271735
-0.131354
0.193658
0.356622
0.192438
-0.101447
-0.312018
-0.313544
-0.008063
0.353876
0.399347
0.141168
-0.232672
-0.458197
-0.288519
0.132623
0.405756
0.311456
0.07525
-0.297064
-0.430121
-0.19483
0.199762
0.436578
0.321832
-0.086493
-0.436224
-0.401129
0.00506
0.342279
0.502496
0.236078
-0.258917
-0.534491
-0.387396
0.089594
0.510431
0.503717
0.044427
-0.438361
-0.53327
-0.271124
0.260492
0.533624
0.390802
-0.110907
-0.440802
-0.406622
-0.009283
0.388666
0.429865
0.113702
-0.320258
-0.430121
-0.146307
0.250116
0.467401
0.286737
-0.131354
-0.421881
-0.367255
-0.010199
0.27514
0.37829
0.188165
-0.173468
-0.33338
-0.299506
0.006891
0.264764
0.334039
0.16955
-0.152106
-0.314154
-0.267157
0.050836
0.312677
0.302606
0.060297
-0.309271
-0.408453
-0.114569
0.255304
0.397821
0.191827
