-0.008285
-0.023544
0.005143
0.003006
-0.042465
0.034745
-0.012253
0.032914
0.005448
-0.003708
-0.000961
0.001175
-0.020797
0.005753
0.019791
-0.013778
0.023148
0.012467
-0.002792
0.007279
-0.001571
-0.022628
0.026505
0.016434
-0.018051
-0.011032
0.030167
-0.015915
0.031998
-0.01683
0.005448
0.00087
0.003617
-0.001877
0.006668
-0.003708
0.007889
0.067704
-0.040329
-0.009506
0.007889
-0.101974
0.00087
0.011551
0.028031
0.017655
0.008499
0.022843
0.063126
-0.032089
0.006668
0.00087
0.019486
-0.018966
-0.039108
-0.073593
-0.135238
-0.076645
0.134537
0.283158
0.49495
-0.047958
-0.607956
-0.786483
-0.036972
0.968277
0.975602
0.035355
-1.29216
-1.361129
-0.095871
1.454117
1.870072
0.505936
-1.568954
-2.267196
-0.837753
1.637833
2.768509
1.245682
-1.601913
-3.035934
-1.626938
1.723587
3.761856
2.434342
-1.288192
-4.192245
-3.516281
0.431473
4.24495
4.4012
0.480301
-4.280441
-5.341232
-1.477401
4.015152
6.120865
2.417557
-3.886154
-6.785629
-3.371322
3.297074
6.936295
3.980362
-2.81987
-7.103317
-4.769638
2.060807
7.12825
5.518753
-1.438339
-7.085922
-6.098373
0.697281
6.785538
6.314041
-0.140732
-6.514938
-6.951645
-0.965011
5.718033
6.778214
1.635392
-4.508102
-5.956772
-1.760299
3.719132
5.508988
2.268326
-2.653854
-4.899337
-2.69902
1.864273
4.739029
3.142655
-1.44902
-4.285934
-2.908065
1.02504
3.639176
2.792008
-0.493515
-3.007553
-2.61998
-0.041855
2.307389
2.315934
0.354264
-1.694076
-1.886947
-0.307357
1.359207
1.538956
0.281021
-0.947921
-1.178024
-0.324142
0.622513
0.744583
-0.056198
-0.673263
-0.452011
0.197403
0.477555
-0.054977
-0.686386
-0.607956
0.262711
0.988419
0.638382
-0.59819
-1.385238
-0.90123
0.536148
1.640274
1.213333
-0.415695
-1.735275
-1.462143
0.292618
1.813614
1.587784
-0.058639
-1.60466
-1.625107
-0.086715
1.542923
1.742203
0.519364
-1.099289
-1.756942
-0.822189
0.897171
1.821244
1.202652
-0.460556
-1.667526
-1.314438
0.268204
1.643021
1.581375
0.033524
-1.608017
-1.774948
-0.344589
1.476395
1.913407
0.649369
-1.137741
-1.897628
-1.043441
0.577957
1.525528
1.265213
0.047257
-1.001327
-1.226242
-0.432785
0.531876
0.963089
0.593827
-0.278671
-0.990341
-0.871628
0.017044
0.930435
1.106827
0.353653
-0.777328
-1.117904
-0.447738
0.525772
1.024124
0.723831
-0.162704
-0.958297
-0.956772
-0.211837
0.810807
1.207535
0.607254
-0.478561
-1.141708
-0.898788
0.058548
0.955155
1.0168
0.14888
-0.768173
-1.01506
-0.320785
0.703995
0.959732
0.199845
-0.759323
-0.957382
-0.241745
0.806839
1.169388
0.357621
-0.881393
-1.299179
-0.516403
0.87703
1.451981
0.5569
-0.925033
-1.516769
-0.509384
1.087601
1.648819
0.436661
-1.287277
-1.697738
-0.443161
1.365311
1.89296
0.519059
-1.380356
-1.792343
-0.393417
1.387894
1.874039
0.612747
-1.283004
-1.894882
-0.809677
0.952408
1.783707
0.91243
-0.835922
-1.707199
-0.870407
0.729019
1.5887
0.959732
-0.591781
-1.489914
-1.014145
0.312149
1.319535
1.1642
-0.096786
-1.367538
-1.438644
-0.202377
1.200211
1.696732
0.684769
-0.862777
-1.687668
-1.107223
0.335953
1.430924
1.221878
-0.120895
-1.36174
-1.331222
-0.145309
1.176407
1.417496
0.419876
-0.907028
-1.467331
-0.743759
0.679581
1.496231
0.971329
-0.511215
-1.545761
-1.315353
0.184891
1.535294
1.539261
0.151627
-1.343124
-1.629379
-0.439499
1.130631
1.681168
0.706436
-0.855758
-1.729477
-1.033981
0.691788
1.831925
1.316788
-0.397079
-1.811264
-1.54454
0.07808
1.679947
1.637223
0.241043
-1.386764
-1.734054
-0.561264
1.046402
1.66713
0.843766
-0.650375
-1.496933
-0.970504
0.393631
1.25026
1.003983
-0.044296
-0.994003
-1.0056
-0.1389
0.71315
0.867569
0.285294
-0.400436
-0.735824
-0.376327
0.135147
0.501358
0.436661
0.058853
-0.370529
-0.504806
-0.342758
0.092728
0.50441
0.618851
0.18367
-0.379074
-0.732773
-0.563705
0.122635
0.758927
0.746109
0.073807
-0.661972
-0.871017
-0.495041
0.349381
0.878861
0.780594
0.037796
-0.713546
-0.873153
-0.300949
0.465348
0.822708
0.390885
-0.33696
-0.824936
-0.461471
0.301773
0.838272
0.670426
-0.122726
-0.847519
-0.784042
-0.020187
0.824234
0.949356
0.39943
-0.542343
-1.062057
-0.752304
0.149796
0.9991
1.166031
0.433304
-0.671737
-1.259811
-0.760849
0.271256
1.173355
1.091568
0.077469
-1.115768
-1.410263
-0.496872
0.95485
1.672928
0.996353
-0.673568
-1.747787
-1.309555
0.399735
1.801407
1.572831
-0.046432
-1.661117
-1.809128
-0.365646
1.290848
1.751969
0.584977
-0.922592
-1.59642
-0.883529
0.441849
1.18068
0.843155
-0.050094
-0.812423
-0.886276
-0.348251
0.474808
0.800736
0.600235
-0.065048
-0.722702
-0.808761
-0.252731
0.534012
0.980179
0.693009
-0.213058
-1.120041
-1.040085
-0.112655
1.083939
1.434586
0.539505
-0.932663
-1.607711
-0.870102
0.661881
1.644547
1.307938
-0.241745
-1.504562
-1.488388
-0.213669
1.228592
1.587479
0.562699
-0.951889
-1.562545
-0.75444
0.611527
1.383011
0.758927
-0.482834
-1.285141
-0.899093
0.256913
1.118424
0.981095
0.0439
-0.892379
-0.941513
-0.247543
0.624344
0.788834
0.324967
-0.333297
-0.636032
-0.382126
0.107376
0.388748
0.32985
0.004837
-0.217331
-0.2863
-0.062301
0.109207
0.162613
0.13057
0.045121
-0.066269
-0.113266
-0.087631
0.004227
0.114701
0.234635
0.128739
-0.043686
-0.177963
-0.233505
-0.061691
0.163834
0.242874
0.160477
-0.066269
-0.313766
-0.428207
-0.126999
0.266983
0.453141
0.375016
-0.106247
-0.556381
-0.558517
-0.110519
0.398819
0.613358
0.335648
-0.282943
-0.619552
-0.410507
0.118363
0.624649
0.618546
0.002396
-0.609176
-0.694015
-0.140732
0.536454
0.812638
0.288651
-0.542343
-0.844467
-0.457199
0.433304
0.984452
0.679581
-0.278061
-0.940902
-0.773971
-4.55E-05
0.897782
1.028702
0.249283
-0.691879
-1.044052
-0.574081
0.38356
0.971634
0.740311
-0.054062
-0.551803
-0.636032
-0.182541
0.312455
0.415299
0.1736
-0.163315
-0.282028
-0.145919
0.140946
0.231888
0.043595
-0.075119
-0.13005
-0.023239
0.020706
0.01735
-0.073288
-0.053451
0.053055
0.124771
0.039627
-0.094955
-0.2863
-0.159347
0.164139
0.334122
0.228226
-0.177963
-0.453842
-0.375107
0.057022
0.413773
0.397904
-0.027511
-0.367172
-0.324142
-0.012863
0.356705
0.292313
-0.026596
-0.270736
-0.226791
0.039017
0.198929
0.217545
0.000565
-0.10411
-0.168808
-0.09526
-0.026596
0.098526
0.237076
0.322525
0.109513
-0.273178
-0.516098
-0.315597
0.184891
0.571854
0.511429
-0.082443
-0.606735
-0.611923
-0.076339
0.53981
0.736954
0.207779
-0.511825
-0.766952
-0.328415
0.401261
0.771134
0.375321
-0.398605
-0.769394
-0.439193
0.297196
0.822098
0.552628
-0.229843
-0.815475
-0.708969
0.030777
0.729935
0.823929
0.172989
-0.635727
-0.862167
-0.404709
0.476639
0.844681
0.517533
-0.224655
-0.712326
-0.518539
0.050919
0.5569
0.55629
0.065262
-0.441024
-0.584762
-0.214889
0.354264
0.619767
0.38234
-0.243271
-0.601242
-0.504196
-0.000961
0.542862
0.600846
0.119889
-0.464523
-0.681198
-0.32994
0.353043
0.715287
0.440934
-0.20787
-0.645797
-0.549362
0.036881
0.619461
0.52974
0.029862
-0.523422
-0.584457
-0.090072
0.532791
0.638687
0.202286
-0.397079
-0.661667
-0.327194
0.285294
0.720169
0.467484
-0.093734
-0.62352
-0.583542
-0.026291
0.525772
0.581314
0.190079
-0.342148
-0.516403
-0.27745
0.252335
0.430252
0.240433
-0.154159
-0.393722
-0.236557
0.141251
0.339615
0.225785
-0.069015
-0.275924
-0.273178
0.029557
0.281327
0.259659
-0.00859
-0.291183
-0.367782
-0.141952
0.196488
0.343582
0.299637
0.020401
-0.295761
-0.356796
-0.165451
0.135758
0.309403
0.28804
0.077774
-0.188339
-0.266464
-0.275314
0.011856
0.265457
0.342362
0.087235
-0.22557
-0.358017
-0.212753
0.126908
0.372879
0.300247
-0.015609
-0.369003
-0.412948
-0.047958
0.38295
0.534012
0.223038
-0.280197
-0.590561
-0.425461
0.140946
0.56575
0.553849
0.058853
-0.451095
-0.599411
-0.211532
0.311844
0.531571
0.33992
-0.102279
-0.458725
-0.437057
-0.006759
0.353043
0.468399
0.16536
-0.272567
-0.556381
-0.324142
0.186112
0.614579
0.58284
0.018875
-0.635116
-0.785873
-0.239303
0.559037
0.905411
0.455277
-0.413253
-0.912521
-0.614059
0.171463
0.827286
0.827896
0.029557
-0.651901
-0.741928
-0.198715
0.510208
0.721085
0.266983
-0.391586
-0.69371
-0.39769
0.220597
0.650894
0.474808
-0.110824
-0.645187
-0.600631
-0.054672
0.515702
0.606949
0.193131
-0.321701
-0.540817
-0.417221
0.099442
0.478165
0.454361
0.113175
-0.276535
-0.437362
-0.206955
0.111649
0.290482
0.203812
0.05336
-0.229232
-0.289962
-0.151413
0.101883
0.317337
0.249283
-0.044296
-0.270126
-0.220077
-0.009201
0.204727
0.26149
0.030167
-0.212143
-0.226486
-0.122726
0.151017
0.310318
0.189469
-0.051925
-0.20787
-0.220688
-0.053146
0.141556
0.218155
0.091812
-0.025375
-0.125168
-0.130966
-0.015609
0.060685
0.047562
0.075943
-0.018356
-0.048874
-0.053146
-0.004928
0.006363
-0.004318
-0.001266
-0.035141
-0.023849
0.006974
-0.063522
0.03566
0.047257
0.050919
-0.028427
-0.096481
-0.129135
-0.044906
0.097306
0.176956
0.100663
-0.025375
-0.203903
-0.22557
-0.011947
0.24379
0.306656
0.116227
-0.166061
-0.363205
-0.247543
0.067704
0.302384
0.286209
0.137589
-0.19017
-0.298813
-0.184677
0.10524
0.289566
0.257218
0.019791
-0.217025
-0.265854
-0.093429
0.083878
0.304215
0.20076
-0.031479
-0.285995
-0.294845
-0.051315
0.295975
0.403092
0.170853
-0.228622
-0.405319
-0.354965
0.091812
0.416825
0.413468
0.019486
-0.370834
-0.480697
-0.203903
0.247757
0.479081
0.328018
-0.074203
-0.410812
-0.336044
-0.013778
0.329544
0.3387
0.046952
-0.279892
-0.332382
-0.047958
0.294144
0.345414
0.179703
-0.116623
-0.38945
-0.235641
0.078385
0.265152
0.264847
0.082657
-0.147751
-0.281723
-0.13829
-0.011337
0.123856
0.27858
0.170853
-0.047958
-0.223129
-0.252731
-0.088852
0.166886
0.303604
0.103104
-0.136764
-0.340622
-0.172165
0.125077
0.307572
0.163224
