0.023311
-0.022465
-0.007817
0.006221
-0.00507
0.018428
0.008358
-0.02155
0.014766
0.014461
-0.038029
0.009273
-0.011784
-0.046269
0.03796
0.002864
-0.007206
0.013851
0.004085
-0.012089
0.005916
-0.027653
0.019649
0.028804
-0.03925
-0.002629
-0.007512
-0.005986
0.02148
0.069393
0.000423
-0.014225
-0.029179
-0.0127
0.011409
0.009578
-0.036198
0.004695
-0.00507
-0.02277
-0.021855
0.00378
-0.021855
0.043148
0.078853
-0.009953
0.002864
0.085567
0.005611
0.023922
-0.043217
-0.025822
0.00378
-0.035588
-0.06519
-0.177495
-0.164677
-0.030095
0.322689
0.582698
0.399288
-0.320927
-1.104313
-0.997807
0.383419
1.694759
1.44543
-0.378605
-2.089116
-1.781804
0.290645
2.247737
2.372554
0.236629
-2.313115
-2.909428
-0.748173
2.248958
3.274044
1.159786
-2.165104
-3.462407
-1.408574
2.210506
4.109005
2.377132
-1.60175
-4.390446
-3.472477
0.5415
4.257015
4.22192
0.312618
-4.034611
-4.952275
-1.430851
3.549007
5.517086
2.360652
-3.201786
-6.232792
-3.521
2.587398
6.323055
4.142879
-2.042424
-6.39362
-4.764286
1.365779
6.162532
5.35168
-0.551945
-5.906254
-5.812565
-0.181767
5.538753
6.051143
0.852779
-5.186039
-6.517827
-1.97498
4.279903
6.34991
2.649349
-3.055302
-5.472905
-2.848698
2.264522
5.080989
3.187374
-1.34937
-4.335515
-3.333622
0.665706
4.029964
3.548397
-0.231816
-3.474614
-3.293644
-0.203434
2.773555
3.017086
0.659908
-2.155339
-2.911564
-1.125676
1.438411
2.395748
1.282161
-0.685917
-1.695744
-1.057011
0.307735
1.154598
0.883297
0.076412
-0.551945
-0.645024
-0.346867
0.023311
0.130428
0.162471
0.304683
0.232051
-0.2486
-0.745121
-0.715519
-0.071904
0.853389
0.979122
0.113033
-1.061894
-1.418034
-0.512883
1.032833
1.692928
0.786556
-0.81989
-1.73206
-0.96912
0.69897
1.762508
1.193355
-0.401188
-1.611821
-1.22791
0.309261
1.608394
1.374935
0.034297
-1.295353
-1.41071
-0.303532
1.041378
1.515621
0.68127
-0.716435
-1.434208
-0.816227
0.497554
1.500362
1.168331
-0.258671
-1.415898
-1.352116
-0.09235
1.276058
1.498836
0.413326
-0.981328
-1.519047
-0.806462
0.47314
1.205257
0.983089
0.120357
-0.719792
-0.949284
-0.454594
0.309261
0.778011
0.647701
-0.138432
-0.805241
-0.830266
-0.068547
0.814632
1.072505
0.389217
-0.64716
-1.05457
-0.540654
0.510982
1.085933
0.768856
-0.114933
-0.977971
-1.10767
-0.347172
0.817379
1.381954
0.806392
-0.431096
-1.326176
-1.252934
-0.124089
1.020015
1.275142
0.380977
-0.810734
-1.293828
-0.573002
0.696529
1.188777
0.465511
-0.828434
-1.296574
-0.479008
0.842708
1.448787
0.641292
-0.874211
-1.63593
-0.801274
0.916866
1.819271
1.025814
-0.870244
-2.016179
-1.12415
0.954402
2.196468
1.2373
-0.965458
-2.259099
-1.352116
0.92358
2.330745
1.450313
-0.798527
-2.073552
-1.325261
0.6889
2.039302
1.505245
-0.422856
-1.889531
-1.606328
-0.020024
1.579402
1.602901
0.179561
-1.386906
-1.505009
-0.301396
1.0545
1.349605
0.370906
-0.990788
-1.285893
-0.511052
0.771297
1.259578
0.558284
-0.792119
-1.408574
-0.644108
0.697444
1.472591
0.981868
-0.375248
-1.382023
-1.24683
-0.05634
1.085933
1.272701
0.22137
-1.025883
-1.277653
-0.32642
0.832943
1.229366
0.499691
-0.697819
-1.301457
-0.678288
0.536617
1.32336
0.907711
-0.452458
-1.470219
-1.191899
0.233577
1.46313
1.520198
0.191463
-1.35883
-1.640812
-0.509221
1.092647
1.716732
0.816768
-0.833622
-1.758
-1.024052
0.594295
1.780818
1.386226
-0.289189
-1.668583
-1.537663
-0.069767
1.455196
1.577571
0.304073
-1.191288
-1.521489
-0.59528
0.837825
1.44543
0.807308
-0.469853
-1.279484
-0.929142
0.195125
1.073726
0.900081
0.012325
-0.791813
-0.880009
-0.18665
0.525936
0.736812
0.343746
-0.261418
-0.609623
-0.423771
0.110897
0.447505
0.448116
0.161861
-0.26569
-0.503727
-0.414311
0.022701
0.522884
0.703243
0.330623
-0.367619
-0.885197
-0.631596
0.109066
0.719112
0.836299
0.164608
-0.661198
-0.943486
-0.521122
0.294918
0.914424
0.880245
0.064815
-0.679509
-0.828129
-0.367924
0.408748
0.817989
0.447505
-0.338932
-0.798527
-0.51746
0.224727
0.892452
0.704158
-0.095707
-0.896794
-0.917851
-0.118901
0.826229
1.121028
0.527156
-0.468632
-1.140934
-1.025578
-0.02155
1.014522
1.406063
0.725215
-0.540349
-1.411625
-1.086003
0.127376
1.231502
1.352657
0.370296
-1.031071
-1.617924
-0.903813
0.66418
1.720699
1.380123
-0.204045
-1.656987
-1.617009
-0.135075
1.447567
1.767086
0.50793
-1.206852
-1.868779
-0.862919
0.839046
1.742977
1.082271
-0.477177
-1.525151
-1.296879
-0.044133
1.010555
1.121944
0.431331
-0.537602
-1.031987
-0.764348
0.08221
0.881771
0.983394
0.318416
-0.627324
-1.104924
-0.681645
0.406917
1.164669
1.02032
-0.028264
-1.177556
-1.369511
-0.344426
1.084713
1.563533
0.84515
-0.741765
-1.721989
-1.241948
0.384334
1.690181
1.60168
0.166133
-1.4455
-1.830937
-0.558049
1.051143
1.785091
0.934566
-0.683781
-1.664311
-1.09882
0.360225
1.386837
1.137508
-0.139348
-1.295659
-1.19434
-0.122563
1.06213
1.283077
0.463375
-0.800969
-1.279789
-0.627934
0.437435
1.046566
0.763057
-0.103947
-0.798222
-0.803105
-0.169865
0.475887
0.741695
0.388912
-0.275151
-0.631596
-0.460392
0.067867
0.436824
0.485347
0.138668
-0.287968
-0.408207
-0.23029
0.178035
0.43713
0.318721
0.004695
-0.285222
-0.251957
-0.09937
0.157283
0.240291
0.098384
0.005306
-0.150639
-0.251957
-0.198552
-0.061223
0.136837
0.268367
0.258297
-0.059391
-0.389897
-0.409428
-0.189091
0.243648
0.47314
0.312618
-0.087162
-0.408818
-0.431401
0.005916
0.436214
0.530818
0.160945
-0.363041
-0.589177
-0.220524
0.410579
0.644649
0.313228
-0.294682
-0.75977
-0.451542
0.33459
0.821346
0.605892
-0.156437
-0.821721
-0.795781
-0.061223
0.752071
0.952266
0.357173
-0.458256
-0.89954
-0.610539
0.154842
0.728878
0.737728
0.201839
-0.409428
-0.563542
-0.300786
0.144466
0.28149
0.16827
-0.12592
-0.195805
-0.070378
0.098384
0.174373
0.065425
-0.126225
-0.157048
-0.012089
0.151485
0.110286
-0.008732
-0.190922
-0.14301
0.044979
0.182613
0.120662
-0.040776
-0.192448
-0.133854
0.057491
0.250362
0.082515
-0.154911
-0.347783
-0.216862
0.130428
0.355037
0.230831
-0.085026
-0.302922
-0.222661
-0.002324
0.232357
0.21252
0.058406
-0.07465
-0.137211
-0.107304
-0.009648
0.085872
0.162166
0.102962
-0.033757
-0.292241
-0.26508
0.132869
0.434078
0.380977
-0.068852
-0.548588
-0.563542
-0.067326
0.568355
0.666011
0.248836
-0.43842
-0.780217
-0.381352
0.30743
0.744136
0.517391
-0.161931
-0.676762
-0.615727
0.018428
0.544857
0.600399
0.06451
-0.535771
-0.595585
-0.070378
0.512203
0.642818
0.144161
-0.504033
-0.729252
-0.295598
0.383113
0.807918
0.484127
-0.253483
-0.765263
-0.60413
0.060237
0.648006
0.688289
0.103878
-0.451237
-0.633427
-0.311467
0.328792
0.624813
0.349239
-0.244023
-0.563847
-0.390507
0.146297
0.609249
0.455745
-0.047795
-0.557744
-0.583989
-0.15247
0.450252
0.666622
0.239376
-0.43903
-0.739018
-0.448185
0.291255
0.735897
0.560421
-0.097844
-0.697209
-0.646855
-0.067631
0.571102
0.644649
0.129207
-0.452763
-0.538517
-0.199162
0.417598
0.664485
0.321163
-0.267521
-0.613286
-0.429875
0.17773
0.677303
0.549739
-0.075871
-0.520817
-0.610844
-0.149724
0.421566
0.644344
0.321163
-0.234257
-0.569645
-0.399662
0.122493
0.500301
0.329097
-0.046879
-0.349919
-0.345952
0.008663
0.297664
0.295528
0.037654
-0.255925
-0.320927
-0.070378
0.259212
0.335506
0.069393
-0.221135
-0.463139
-0.33527
0.090145
0.445369
0.45483
0.150875
-0.265385
-0.439641
-0.318486
0.064205
0.40295
0.396846
0.192379
-0.194279
-0.42194
-0.329472
-0.000187
0.327266
0.35931
0.181392
-0.2309
-0.485417
-0.304142
0.080379
0.439876
0.439266
0.035518
-0.384709
-0.504643
-0.147282
0.333065
0.645565
0.356258
-0.181767
-0.663945
-0.58643
0.045589
0.669979
0.714229
0.154842
-0.497929
-0.755803
-0.414921
0.310176
0.690425
0.543941
-0.055119
-0.573613
-0.62061
-0.157353
0.394405
0.651058
0.304683
-0.185124
-0.642277
-0.524479
0.053524
0.638546
0.720638
0.181392
-0.593449
-0.884892
-0.438725
0.451473
0.910152
0.659603
-0.197331
-0.929448
-0.822636
-0.03986
0.751766
0.930599
0.322383
-0.545231
-0.925786
-0.432316
0.279354
0.804256
0.563777
-0.140263
-0.71674
-0.614811
0.008663
0.60284
0.673641
0.151485
-0.569645
-0.731083
-0.32581
0.384334
0.741085
0.461238
-0.189396
-0.648991
-0.592228
-0.086857
0.468257
0.679744
0.286983
-0.204045
-0.479313
-0.443913
-0.000493
0.39532
0.399288
0.101131
-0.233647
-0.405461
-0.311772
0.119747
0.388912
0.297054
0.049861
-0.313908
-0.359684
-0.052067
0.283626
0.329402
0.09045
-0.17902
-0.403325
-0.186955
0.199398
0.387996
0.317806
-0.020024
-0.337407
-0.339848
-0.049321
0.214656
0.284236
0.196651
-0.090519
-0.237614
-0.20435
-0.009037
0.149349
0.185359
0.052608
-0.116765
-0.136601
-0.065495
0.034297
0.06451
0.02972
-0.051457
-0.094487
-0.009343
0.042537
0.061458
0.037044
-0.024296
-0.006291
0.022701
-0.045659
-0.050847
-0.009953
0.074276
0.088924
0.073055
-0.044133
-0.15247
-0.139042
-0.003544
0.109371
0.287288
0.153621
-0.095402
-0.316349
-0.244633
-0.041081
0.202449
0.312618
0.17834
-0.051762
-0.193974
-0.27332
-0.046574
0.189022
0.216182
0.135616
-0.071293
-0.226323
-0.215947
-0.005986
0.204891
0.235714
0.132564
-0.174748
-0.358464
-0.149418
0.1347
0.344661
0.297054
-0.009648
-0.349614
-0.391423
-0.070988
0.300106
0.418209
0.195125
-0.1778
-0.452153
-0.306279
0.036129
0.362361
0.411495
0.109676
-0.265385
-0.425297
-0.169865
0.149349
0.315975
0.225338
-0.111577
-0.246464
-0.155827
0.055355
0.2467
0.208858
0.023922
-0.240056
-0.192753
-0.071293
0.16064
0.196346
0.09106
-0.024907
-0.103337
-0.158574
-0.124394
0.01263
0.208553
0.232662
0.119442
-0.182377
-0.293156
-0.218388
0.036129
0.248226
0.279354
0.028804
-0.241887
-0.264775
-0.052067
0.170711
0.246089
