0.010193
-0.02246
-0.009643
-0.00537
0.019349
-0.019409
0.001649
0.00409
-0.001403
0.010193
-0.009033
-0.0307
0.017213
-0.018188
-0.002624
-0.005981
0.0047
-0.000793
0.01233
-0.015746
-0.007812
0.006837
-0.026428
0.031861
-0.00476
-0.017883
-0.031005
0.014771
0.002259
0.01355
0.011109
-0.001708
0.018433
-0.045654
0.016907
0.017518
0.017823
-0.013915
-0.005676
-0.042602
-0.02124
0.013245
-0.000182
-0.006896
-0.016052
-0.002929
-0.005065
0.001954
0.005921
-0.09082
-0.013305
0.09137
0.033997
-0.002624
-0.023986
-0.009033
0.000733
-0.13446
-0.029479
0.163697
0.269898
0.23053
-0.142394
-0.536682
-0.447875
0.198792
0.885132
0.782899
-0.290405
-1.217834
-0.955078
0.361451
1.501893
1.275147
-0.296203
-1.749145
-1.66217
0.114564
2.016114
2.181824
0.167969
-2.092468
-2.460204
-0.258972
2.571229
3.215455
0.746888
-2.787048
-4.163085
-1.800414
2.601136
4.962891
2.863892
-2.297851
-5.76007
-3.942748
1.897401
6.229676
4.676942
-1.648742
-6.652099
-5.563842
0.918397
6.565064
6.0542
-0.246154
-6.416808
-6.539794
-0.377685
6.193055
6.92334
1.087159
-5.761291
-7.07019
-1.777526
5.014161
7.064026
2.541627
-4.297057
-7.077209
-3.314697
3.435181
6.718873
3.593568
-2.641174
-5.853454
-3.420287
2.054261
5.325135
3.497132
-1.282531
-4.554321
-3.584167
0.502137
4.173707
3.79712
-0.12683
-3.773376
-3.576537
-0.101196
3.115052
3.222474
0.425538
-2.552062
-3.051025
-0.797607
1.896485
2.656678
1.006898
-1.510803
-2.393676
-0.859863
1.305054
2.029542
0.80243
-1.008178
-1.691467
-0.614501
0.893677
1.262025
0.346802
-0.944702
-1.104003
-0.130493
0.864075
0.774659
-0.273315
-1.141235
-0.707885
0.535706
1.125611
0.534485
-0.83728
-1.501953
-0.654174
0.970887
1.795472
0.92389
-0.920287
-2.06134
-1.165038
0.897034
2.182435
1.484498
-0.624267
-2.103149
-1.520568
0.449647
2.056092
1.859559
-0.007202
-1.886779
-2.015258
-0.374328
1.693848
2.202271
0.704468
-1.414672
-2.220031
-0.934936
1.197327
2.265748
1.161011
-0.901061
-2.255737
-1.500427
0.580567
2.032288
1.632508
-0.090515
-1.702148
-1.840087
-0.367004
1.182374
1.65387
0.752686
-0.679809
-1.410095
-0.891296
0.189332
1.029175
0.93335
0.077637
-0.784179
-0.986511
-0.45581
0.567139
1.14087
0.731324
-0.277892
-1.003906
-0.800964
0.085877
0.91565
0.870484
0.178345
-0.587951
-0.959655
-0.529968
0.357178
1.013611
0.840272
-0.009643
-0.878173
-1.066467
-0.295898
0.597352
0.935181
0.54242
-0.293456
-0.849182
-0.636474
0.127686
0.63855
0.442322
-0.185424
-0.584594
-0.340148
0.256165
0.661133
0.35077
-0.321838
-0.738403
-0.36914
0.422486
0.783509
0.314759
-0.552856
-0.844909
-0.23822
0.80304
1.069764
0.09015
-1.041442
-1.123535
-0.059387
1.201295
1.341065
0.15088
-1.284667
-1.40216
-0.096313
1.303834
1.545838
0.317505
-1.181518
-1.559326
-0.484496
1.009644
1.562623
0.614136
-0.902892
-1.577941
-0.762817
0.737427
1.55774
0.952576
-0.531494
-1.526672
-1.241332
0.101746
1.401185
1.509217
0.306214
-1.197692
-1.782409
-0.779907
0.921754
1.856507
1.214722
-0.422851
-1.683227
-1.62738
-0.106689
1.38501
1.63617
0.435914
-1.120178
-1.734802
-0.801269
0.833558
1.66272
1.016053
-0.460693
-1.605712
-1.324645
0.151185
1.498841
1.473817
0.147828
-1.323425
-1.68872
-0.518066
1.173218
1.822327
0.88025
-0.829955
-1.76654
-1.130248
0.572938
1.665772
1.293152
-0.186035
-1.527282
-1.479675
-0.061828
1.490906
1.631898
0.362672
-1.294128
-1.807128
-0.658141
1.061524
1.796082
0.94983
-0.700256
-1.741516
-1.253234
0.330323
1.530884
1.377991
0.051087
-1.303283
-1.416808
-0.308715
0.905884
1.29834
0.559205
-0.563842
-1.165649
-0.63037
0.273255
0.898865
0.674866
-0.064269
-0.669128
-0.687133
-0.173522
0.384949
0.653809
0.356263
-0.173828
-0.520812
-0.532714
-0.128661
0.383118
0.622986
0.377015
-0.134155
-0.588867
-0.601379
-0.229675
0.445679
0.722474
0.385865
-0.172302
-0.671264
-0.669433
-0.139953
0.533875
0.814332
0.417298
-0.264465
-0.804626
-0.605346
0.110596
0.658387
0.64618
0.069703
-0.549194
-0.628539
-0.109435
0.509766
0.636414
0.206116
-0.512878
-0.719177
-0.28186
0.441407
0.816468
0.539673
-0.222045
-0.834533
-0.798828
-0.121337
0.648011
1.063355
0.606507
-0.323974
-1.043578
-0.922729
-0.046264
0.927552
1.157349
0.359009
-0.832702
-1.347228
-0.743286
0.612
1.559266
1.107911
-0.301086
-1.543456
-1.459838
-0.02246
1.483582
1.663026
0.3172
-1.264221
-1.754943
-0.686523
0.993165
1.620606
0.825928
-0.529357
-1.335632
-0.954772
0.156373
0.984925
0.812806
0.108155
-0.562927
-0.813171
-0.358459
0.277527
0.655335
0.569276
0.075501
-0.545226
-0.787841
-0.355712
0.313233
0.856446
0.798463
-0.016052
-0.868102
-1.031677
-0.330993
0.744752
1.279114
0.681275
-0.616332
-1.314575
-0.91632
0.23938
1.250428
1.155213
0.118836
-0.986511
-1.23767
-0.461608
0.686768
1.285828
0.660218
-0.459167
-1.17633
-0.747558
0.294617
1.000184
0.731324
-0.170165
-0.895263
-0.8031
0.005005
0.777405
0.809754
0.145081
-0.629455
-0.759765
-0.231201
0.399903
0.573853
0.247315
-0.187255
-0.38623
-0.288574
0.087403
0.20459
0.120667
-0.072814
-0.101806
-0.013
0.097169
0.037964
-0.100585
-0.091735
0.075501
0.145997
0.129517
-0.028869
-0.145751
-0.136901
0.026978
0.217103
0.252198
0.052613
-0.267211
-0.385314
-0.060912
0.239991
0.416077
0.282715
-0.226013
-0.598327
-0.471679
0.044373
0.535706
0.630616
0.142945
-0.561706
-0.767394
-0.365783
0.312012
0.726746
0.543641
-0.114013
-0.660583
-0.652038
-0.058471
0.628174
0.864075
0.22046
-0.529662
-0.824462
-0.42102
0.424927
0.928773
0.615967
-0.26538
-0.890991
-0.793029
0.023316
0.951356
0.952576
0.104493
-0.781738
-1.030761
-0.384399
0.650452
1.116456
0.651978
-0.349609
-1.014892
-0.868102
-0.003845
0.825928
0.961426
0.345276
-0.466796
-0.797607
-0.462219
0.170106
0.483216
0.392274
-0.036498
-0.314208
-0.327026
-0.075561
0.170106
0.181397
0.119752
-0.03009
-0.064269
-0.08197
-0.133849
-0.133544
0.057801
0.268372
0.276612
0.049256
-0.311157
-0.433532
-0.161926
0.294922
0.526856
0.343445
-0.192748
-0.677673
-0.483581
0.118531
0.550049
0.496339
-0.045043
-0.53363
-0.460998
0.053528
0.480164
0.39563
0.045594
-0.449096
-0.428649
-0.002319
0.407838
0.419739
0.119141
-0.21289
-0.346252
-0.220519
-0.020324
0.151795
0.363587
0.318116
0.042847
-0.36975
-0.499755
-0.27362
0.256165
0.620545
0.458497
-0.131103
-0.662719
-0.635253
-0.015441
0.625428
0.75879
0.138367
-0.602905
-0.818664
-0.30017
0.534791
0.870484
0.444764
-0.480529
-0.928832
-0.534545
0.318116
0.930909
0.666932
-0.174743
-0.892822
-0.862304
-0.081664
0.736512
0.998963
0.361756
-0.566894
-0.977661
-0.565063
0.367554
0.893372
0.630311
-0.10791
-0.695983
-0.62152
-0.061218
0.53357
0.606507
0.167664
-0.370971
-0.605346
-0.291015
0.252198
0.592164
0.440491
-0.093566
-0.551025
-0.529968
-0.132629
0.378235
0.633668
0.309571
-0.329467
-0.661193
-0.456725
0.104188
0.608643
0.602845
-0.016357
-0.547668
-0.587341
-0.174438
0.435303
0.635193
0.22992
-0.401489
-0.619689
-0.267516
0.30774
0.704163
0.383423
-0.201599
-0.633117
-0.498229
0.05597
0.594605
0.592164
0.08191
-0.467101
-0.604125
-0.2135
0.340089
0.568665
0.27295
-0.182678
-0.460998
-0.340759
0.096863
0.413941
0.283631
-0.04779
-0.280639
-0.267822
0.008668
0.301331
0.224427
0.001649
-0.156738
-0.199157
-0.039855
0.185364
0.19574
-0.000793
-0.190917
-0.230895
-0.131713
0.117921
0.245179
0.188416
0.026673
-0.153991
-0.253173
-0.161315
0.058716
0.175904
0.190858
0.118531
-0.085937
-0.18634
-0.196411
-0.063049
0.145386
0.265015
0.130433
-0.118896
-0.241577
-0.184509
0.044678
0.308045
0.259522
0.016297
-0.261108
-0.359374
-0.129577
0.259522
0.442017
0.210084
-0.132018
-0.398742
-0.416442
0.00409
0.371827
0.439576
0.18567
-0.197631
-0.415832
-0.276061
0.128907
0.289124
0.286683
0.079468
-0.244628
-0.341064
-0.152465
0.170716
0.371827
0.295838
-0.096008
-0.447265
-0.400573
0.018433
0.460938
0.6297
0.18689
-0.465576
-0.756713
-0.362731
0.351685
0.767029
0.547608
-0.255615
-0.752136
-0.624267
0.034302
0.618409
0.678223
0.139283
-0.523254
-0.665771
-0.20404
0.377625
0.642213
0.265626
-0.280639
-0.547668
-0.341979
0.1521
0.497864
0.436829
-0.03894
-0.471069
-0.492431
-0.138732
0.345582
0.49878
0.270508
-0.190917
-0.437499
-0.361816
-0.031616
0.326966
0.408143
0.157288
-0.149413
-0.263854
-0.209533
0.0047
0.182923
0.156068
0.070923
-0.05725
-0.182372
-0.146362
0.011414
0.156068
0.103882
0.040711
-0.121032
-0.173522
-0.035583
0.105408
0.141114
0.045289
-0.103027
-0.166198
-0.061828
0.095948
0.114564
0.119446
0.031556
-0.043517
-0.083495
-0.067321
-0.040161
0.02118
0.077027
0.077332
0.063294
-0.020629
-0.117675
-0.118286
-0.050536
0.076417
0.127381
0.071839
-0.065795
-0.132324
-0.078307
0.008362
0.109376
0.101136
0.007142
-0.077697
-0.122863
-0.026122
0.083741
0.159119
0.08252
-0.08197
-0.171691
-0.18695
0.019654
0.181397
0.201539
0.062073
-0.185424
-0.267822
-0.112487
0.173768
0.33368
0.188721
-0.074645
-0.348388
-0.324584
-0.017578
0.293702
0.407838
0.172852
-0.179931
-0.404846
-0.287048
0.077027
0.355347
0.308655
0.07367
-0.24707
-0.374023
-0.212585
0.180176
0.405091
0.319947
-0.029174
-0.380432
-0.414306
-0.05725
0.305604
0.474976
0.321168
-0.194274
-0.511047
-0.420715
0.02179
0.456055
0.512513
0.119446
-0.39508
-0.496398
-0.301696
0.159424
0.484742
0.392274
-0.059387
-0.391418
-0.383483
-0.054199
0.328187
0.416077
0.106629
-0.272094
-0.433227
-0.171081
0.216187
0.44629
0.304688
-0.099975
-0.389587
-0.361511
-0.067932
0.280274
0.351075
0.165528
-0.070068
-0.30017
-0.280944
-0.029479
0.198487
0.2995
0.199708
-0.047485
-0.321227
-0.272094
-0.005065
0.19513
0.333069
0.120667
-0.235778
-0.372802
-0.155822
0.18628
0.377625
0.247925
