-0.013922
0.00561
0.015375
-0.012701
0.000422
0.009577
-0.051763
0.019648
-0.001104
0.010187
-0.012701
0.004999
-0.012396
-0.013922
-0.003546
0.004999
0.019648
0.050471
-0.021856
-0.008428
0.018427
-0.004156
0.019037
-0.00324
-0.004461
0.009577
-0.009954
0.007746
0.054743
0.002558
0.008661
0.017206
-0.02857
-0.012701
0.026057
0.01446
0.020869
-0.005071
-0.036505
-0.068548
0.019037
-0.035589
0.014765
-0.003546
0.01507
-0.00263
-0.016058
-0.026739
0.019343
-0.038336
-0.03742
0.096552
0.00561
0.026667
-0.120733
-0.089605
-0.085943
-0.146368
-0.014227
0.188715
0.327265
0.2055
-0.211675
-0.550421
-0.486028
0.287592
0.930292
0.690729
-0.351751
-1.259344
-1.008795
0.45666
1.610834
1.298945
-0.357549
-1.85169
-1.757391
0.209162
2.141535
2.202265
0.085871
-2.287176
-2.501714
-0.15949
2.729609
3.250849
0.729792
-2.886236
-4.140508
-1.657903
2.647822
4.930536
2.718622
-2.439153
-5.788152
-3.771856
1.967585
6.243403
4.634211
-1.672247
-6.64356
-5.478704
0.920527
6.547663
5.980952
-0.353277
-6.441229
-6.55567
-0.393865
6.252253
6.913569
1.052057
-5.750005
-7.089727
-1.766546
5.091974
7.046015
2.435419
-4.326666
-7.120855
-3.270147
3.459894
6.725275
3.604853
-2.609747
-5.902288
-3.434637
2.06341
5.278437
3.554499
-1.256597
-4.526556
-3.591192
0.532038
4.133723
3.827021
-0.117376
-3.755071
-3.553961
-0.177191
3.104365
3.239863
0.451777
-2.54627
-3.006475
-0.817755
1.843683
2.659113
0.962031
-1.441229
-2.342108
-0.852545
1.244929
1.982844
0.730402
-1.00025
-1.557195
-0.594671
0.82165
1.178705
0.291254
-0.900152
-0.996282
-0.11463
0.835078
0.697748
-0.36762
-1.095464
-0.642889
0.585749
1.192438
0.426752
-1.008184
-1.488531
-0.591924
1.022761
1.797297
0.826838
-1.025884
-2.009161
-1.070745
1.018183
2.163508
1.293452
-0.68012
-2.077215
-1.455267
0.508234
2.027094
1.748469
-0.040472
-1.850775
-1.953314
-0.250738
1.699335
2.144587
0.638544
-1.459234
-2.121771
-0.821111
1.267512
2.218439
1.132014
-0.964849
-2.19013
-1.395757
0.602228
2.017634
1.616633
-0.177191
-1.714361
-1.758306
-0.36701
1.202509
1.660883
0.713007
-0.633123
-1.367986
-0.878484
0.184138
1.020624
0.87414
0.08404
-0.770147
-1.007879
-0.408514
0.551569
1.187861
0.723688
-0.292547
-1.073797
-0.750311
0.125239
0.876276
0.898249
0.228693
-0.630682
-0.961797
-0.577276
0.372431
1.037104
0.898554
-0.059088
-0.890081
-1.018865
-0.352056
0.575678
0.97912
0.55218
-0.327032
-0.884893
-0.674017
0.113337
0.735895
0.47497
-0.230901
-0.634344
-0.387457
0.228998
0.652582
0.406916
-0.368231
-0.768011
-0.402715
0.402643
0.842402
0.400202
-0.511663
-0.901373
-0.269964
0.765497
1.079218
0.192072
-0.977361
-1.215093
-0.15827
1.128046
1.39538
0.277521
-1.197088
-1.480901
-0.212286
1.281245
1.589167
0.424006
-1.090276
-1.618231
-0.546758
0.944636
1.549799
0.705378
-0.808294
-1.59107
-0.842779
0.676081
1.529352
0.962336
-0.410345
-1.489446
-1.257208
0.048029
1.302912
1.485102
0.358393
-1.190374
-1.776617
-0.781744
0.93487
1.799433
1.224482
-0.406683
-1.666143
-1.530645
-0.103033
1.338923
1.614496
0.43957
-1.108587
-1.724737
-0.745123
0.784113
1.638605
1.014521
-0.50556
-1.592291
-1.302068
0.145685
1.454279
1.435053
0.147822
-1.351507
-1.652715
-0.495794
1.140864
1.807673
0.891535
-0.837896
-1.753729
-1.094549
0.557978
1.64593
1.317866
-0.240972
-1.555059
-1.455572
-0.056036
1.474421
1.674006
0.382197
-1.301458
-1.793096
-0.634344
1.049616
1.850397
0.937006
-0.748785
-1.721685
-1.179388
0.315974
1.542475
1.354487
0.039179
-1.302068
-1.349066
-0.33222
0.927241
1.295588
0.480768
-0.618475
-1.131475
-0.628546
0.320246
0.885126
0.642206
-0.120123
-0.626104
-0.675543
-0.149114
0.419123
0.620234
0.325129
-0.160406
-0.542486
-0.51502
-0.119207
0.41363
0.598871
0.424921
-0.133245
-0.632818
-0.633734
-0.190618
0.427363
0.718195
0.432856
-0.215948
-0.713995
-0.630682
-0.162847
0.555231
0.85705
0.416376
-0.322149
-0.777166
-0.596502
0.090449
0.680964
0.645258
0.001642
-0.552862
-0.648687
-0.117681
0.57873
0.691645
0.174372
-0.498846
-0.751226
-0.301397
0.465815
0.871699
0.50091
-0.221746
-0.820806
-0.860784
-0.130499
0.701411
1.038935
0.626948
-0.307195
-1.06159
-0.932195
0.009577
0.94311
1.184504
0.415461
-0.859869
-1.405828
-0.733221
0.592768
1.509821
1.161005
-0.266302
-1.580389
-1.449774
-0.049322
1.441157
1.72558
0.390131
-1.270025
-1.748846
-0.676763
0.895197
1.607172
0.915949
-0.554083
-1.363409
-0.955694
0.107538
0.974543
0.886652
0.108149
-0.60108
-0.779302
-0.389593
0.23968
0.729792
0.606196
0.083124
-0.50617
-0.789068
-0.426519
0.316584
0.851557
0.753901
0.033686
-0.856512
-1.14063
-0.340765
0.765803
1.305659
0.709955
-0.536688
-1.362493
-0.951422
0.250666
1.213801
1.189387
0.207636
-1.004827
-1.306951
-0.52326
0.731013
1.292536
0.741999
-0.464971
-1.199835
-0.77503
0.269282
1.03863
0.768244
-0.149114
-0.928533
-0.833929
-0.001104
0.776789
0.863459
0.165522
-0.616033
-0.770452
-0.265997
0.369684
0.583307
0.312006
-0.180242
-0.437811
-0.246771
0.059931
0.211298
0.147211
-0.051458
-0.07282
0.027277
0.054438
0.00561
-0.074041
-0.044439
0.035822
0.144465
0.092585
-0.03803
-0.143621
-0.113409
-0.009039
0.276606
0.252192
0.018122
-0.281561
-0.308111
-0.082891
0.238459
0.420954
0.215266
-0.228155
-0.529363
-0.502508
0.040705
0.560419
0.604365
0.095331
-0.512884
-0.747869
-0.36762
0.30041
0.711176
0.513727
-0.100591
-0.666998
-0.650518
-0.051153
0.629389
0.765497
0.246088
-0.486639
-0.81867
-0.39356
0.436518
0.935175
0.611078
-0.253179
-0.890081
-0.797308
0.124018
0.908015
0.927851
0.12707
-0.800665
-1.031683
-0.43598
0.653803
1.111567
0.727961
-0.376776
-1.059149
-0.867803
0.029108
0.833857
0.950129
0.334284
-0.439031
-0.777471
-0.463445
0.106318
0.53509
0.41363
-0.018804
-0.321234
-0.297125
-0.075567
0.148737
0.202143
0.085566
-0.02796
-0.022161
-0.127142
-0.118292
-0.081976
0.036738
0.200312
0.26623
0.068476
-0.305975
-0.376165
-0.167425
0.265925
0.522883
0.323298
-0.225714
-0.594671
-0.450628
0.070917
0.537531
0.441096
-0.00324
-0.52387
-0.457342
0.038569
0.476496
0.461237
-0.002935
-0.424993
-0.396917
-0.024603
0.33581
0.366938
0.145991
-0.203436
-0.309026
-0.215948
-0.033453
0.176203
0.333674
0.304987
0.06695
-0.304449
-0.470159
-0.317877
0.241511
0.553095
0.481684
-0.104559
-0.632208
-0.621526
-0.036505
0.601008
0.745356
0.168574
-0.538824
-0.847357
-0.296514
0.460932
0.841791
0.43133
-0.42774
-0.894964
-0.54035
0.295527
0.861628
0.645258
-0.092657
-0.882452
-0.867803
-0.091436
0.73498
0.945246
0.364496
-0.562017
-0.976141
-0.535772
0.367548
0.843317
0.660517
-0.081976
-0.72315
-0.613287
-0.056646
0.513422
0.624201
0.195429
-0.373419
-0.623358
-0.275457
0.212214
0.602839
0.475886
-0.09815
-0.535467
-0.534551
-0.160101
0.3883
0.629084
0.305903
-0.333746
-0.63648
-0.492132
0.105097
0.611078
0.565302
0.004999
-0.541876
-0.60993
-0.170477
0.436213
0.609858
0.247004
-0.363653
-0.663946
-0.273016
0.359003
0.672724
0.377619
-0.201605
-0.626409
-0.498846
0.124018
0.573237
0.586664
0.086481
-0.4372
-0.612676
-0.220526
0.366938
0.57873
0.293391
-0.166815
-0.468939
-0.346258
0.096552
0.387995
0.262568
-0.016058
-0.307501
-0.291326
0.025141
0.273554
0.241205
0.019648
-0.137823
-0.208624
-0.035589
0.194208
0.172236
0.03216
-0.176885
-0.268438
-0.137823
0.108759
0.250971
0.16186
0.044672
-0.183904
-0.215643
-0.159185
0.024836
0.184138
0.231135
0.093195
-0.092352
-0.205877
-0.18421
-0.056341
0.168574
0.277216
0.116083
-0.092962
-0.2898
-0.234869
0.064814
0.282404
0.260737
0.039179
-0.303533
-0.377996
-0.126837
0.274775
0.423395
0.29278
-0.098455
-0.44605
-0.404547
0.001337
0.356257
0.502741
0.18841
-0.226019
-0.447576
-0.274236
0.067255
0.345881
0.351679
0.050776
-0.260809
-0.356329
-0.21015
0.196345
0.409662
0.312922
-0.121343
-0.435064
-0.457037
-0.021246
0.488398
0.613215
0.193903
-0.437505
-0.746343
-0.377996
0.327265
0.794794
0.534479
-0.175359
-0.75794
-0.66303
0.021784
0.628474
0.722468
0.13592
-0.522039
-0.676763
-0.237005
0.380976
0.611078
0.32757
-0.257147
-0.582464
-0.367315
0.098994
0.531733
0.448115
-0.002325
-0.456732
-0.517462
-0.149114
0.327875
0.528376
0.263483
-0.195806
-0.44483
-0.396917
-0.006902
0.31872
0.407526
0.161555
-0.128057
-0.30628
-0.243109
0.014765
0.2055
0.201533
0.070917
-0.071905
-0.177496
-0.156133
0.021784
0.164911
0.195734
0.046198
-0.143621
-0.179632
-0.03681
0.141718
0.125239
0.044062
-0.09754
-0.171392
-0.077398
0.033686
0.152094
0.161249
0.033991
-0.070379
-0.134466
-0.016973
-0.030401
0.034907
0.095637
0.071528
0.060847
-0.036199
-0.12409
-0.096929
-0.018804
0.062678
0.094721
0.073664
-0.062139
-0.084417
-0.099981
0.001642
0.080683
0.082819
-0.018499
-0.080145
-0.078008
-0.048101
0.082514
0.159418
0.051691
-0.052374
-0.181463
-0.143926
0.024531
0.196345
0.2055
0.026362
-0.216863
-0.238531
-0.122259
0.135615
0.362055
0.202143
-0.104864
-0.344732
-0.314214
-0.023687
0.295832
0.407526
0.130732
-0.166815
-0.373113
-0.309942
0.077326
0.35351
0.332148
0.082209
-0.243109
-0.372198
-0.185735
0.196039
0.372736
0.315363
-0.042608
-0.374944
-0.410955
-0.08869
0.303156
0.478937
0.288508
-0.172003
-0.516851
-0.408209
0.012934
0.458185
0.513422
0.129816
-0.352972
-0.513799
-0.28919
0.153315
0.471613
0.41363
-0.060919
-0.380438
-0.376776
-0.107305
0.322382
0.418513
0.125544
-0.275457
-0.389288
-0.191229
0.215876
0.453303
0.298884
-0.083807
-0.345648
-0.370977
-0.050848
0.280878
0.341913
0.171625
-0.103033
-0.274236
-0.267217
-0.027654
0.191767
0.261347
0.233576
-0.062444
-0.301092
-0.26386
-0.028875
0.208552
0.312006
0.128596
-0.216863
-0.370367
-0.161627
0.127985
0.36999
0.239069
