-0.024275
0.001665
0.010821
0.004107
0.009905
0.025469
-0.013593
0.0273
-0.024275
0.001971
-0.003217
-0.013593
0.004717
0.01021
-0.020307
-0.013899
0.054461
-0.018781
0.012652
-0.023359
-0.016645
0.007464
0.019671
-0.000776
0.002886
-0.010847
-0.006574
0.070025
-0.007185
-0.006269
0.030657
-0.015119
-0.010542
0.007769
-0.013593
0.004412
0.028826
-0.003828
-0.041364
0.00136
0.001665
-0.01573
0.023943
-0.03282
-0.014204
-0.00749
-0.00688
0.004412
-0.080122
-0.097517
-0.016645
0.144182
0.008684
0.008074
0.014788
0.018145
-0.01695
-0.061506
-0.084699
0.051104
0.250078
0.282122
0.083452
-0.327009
-0.542768
-0.05052
0.600115
0.852495
0.000445
-0.943464
-1.027693
0.14876
1.247393
1.101214
-0.040754
-1.465315
-1.689008
-0.193952
1.683184
2.194353
0.540301
-1.829695
-2.454084
-0.643171
2.155901
3.119646
1.089312
-2.381452
-3.926557
-1.83946
2.344805
4.825884
2.840716
-2.202009
-5.701154
-3.831953
1.989886
6.183611
4.445025
-1.837934
-6.550459
-5.135359
1.20711
6.419817
5.572649
-0.640424
-6.246809
-6.04936
-0.144514
5.926653
6.267229
0.681597
-5.443281
-6.3878
-1.376814
4.875017
6.525103
2.244707
-4.189619
-6.808637
-3.018659
3.508135
6.491228
3.23012
-2.801985
-5.688642
-2.92497
2.340227
5.143267
3.064409
-1.596845
-4.406904
-3.105024
0.849749
4.019915
3.426653
-0.435346
-3.72331
-3.260359
0.155474
3.158709
3.035723
0.164019
-2.671674
-2.93382
-0.549482
2.120806
2.700335
0.731035
-1.86601
-2.520002
-0.715803
1.646868
2.207476
0.614458
-1.390547
-1.880354
-0.552229
1.197039
1.5544
0.285174
-1.182722
-1.373762
-0.160993
1.188494
1.093279
-0.261396
-1.36125
-1.025556
0.452105
1.433245
0.884539
-0.728315
-1.659406
-1.019453
0.789934
1.951433
1.266009
-0.785688
-2.220625
-1.543134
0.718218
2.408282
1.808611
-0.386823
-2.281355
-1.932844
0.202166
2.163836
2.171465
0.271441
-1.927656
-2.303022
-0.506452
1.776263
2.463824
0.970904
-1.469282
-2.435163
-1.126875
1.125017
2.328631
1.375262
-0.825666
-2.329878
-1.651472
0.374285
2.020403
1.838518
0.052325
-1.745466
-1.990217
-0.576032
1.222674
1.833941
0.769182
-0.708174
-1.498274
-0.96269
0.272051
1.091143
0.901934
0.038592
-0.816816
-1.029829
-0.417951
0.532976
1.10396
0.697161
-0.273603
-0.966657
-0.734724
0.102373
0.817095
0.843645
0.228716
-0.572065
-0.843061
-0.475324
0.351092
0.916888
0.720659
-0.029463
-0.823835
-0.873579
-0.235761
0.564715
0.879046
0.433794
-0.258955
-0.787214
-0.619978
0.007769
0.474383
0.44295
0.005938
-0.331281
-0.263227
-0.003828
0.242754
0.178667
-0.115522
-0.308393
-0.045332
0.271746
0.2867
-0.08653
-0.458235
-0.334638
0.271746
0.758196
0.427996
-0.418867
-1.00572
-0.505842
0.601946
1.309038
0.744158
-0.604719
-1.438764
-0.904096
0.601336
1.647478
1.134478
-0.3206
-1.50926
-1.340498
-0.006574
1.383806
1.502825
0.215288
-1.283735
-1.634077
-0.555891
1.141802
1.700579
0.777117
-0.84886
-1.714338
-1.182722
0.388018
1.651446
1.488787
0.03615
-1.485456
-1.811689
-0.581831
1.143023
1.892229
1.076494
-0.583051
-1.775068
-1.536421
0.045611
1.550432
1.671282
0.323931
-1.271833
-1.815351
-0.735029
0.973345
1.791216
1.043535
-0.56291
-1.686872
-1.334089
0.247637
1.591021
1.446062
0.106341
-1.383222
-1.684126
-0.493635
1.188799
1.778399
0.81618
-0.88426
-1.754011
-1.067671
0.670611
1.63222
1.246477
-0.228742
-1.486677
-1.413435
-0.063337
1.384417
1.584307
0.415789
-1.180891
-1.73509
-0.679487
0.951372
1.772295
0.958391
-0.626692
-1.711591
-1.242841
0.236651
1.479021
1.39937
0.099322
-1.257185
-1.453413
-0.329145
0.859209
1.313006
0.615679
-0.53636
-1.160139
-0.694135
0.240618
0.848528
0.693804
0.007464
-0.659345
-0.687422
-0.195478
0.385882
0.674273
0.389239
-0.180525
-0.572675
-0.522321
-0.130171
0.364825
0.62636
0.332781
-0.127729
-0.523542
-0.529646
-0.176252
0.362688
0.614458
0.409075
-0.066694
-0.586408
-0.673078
-0.202802
0.463701
0.768877
0.434405
-0.253156
-0.726484
-0.569929
0.069414
0.536028
0.596758
0.101763
-0.487531
-0.57176
-0.139936
0.406328
0.549151
0.198809
-0.338606
-0.557722
-0.194868
0.316607
0.620867
0.419756
-0.219892
-0.694441
-0.644087
-0.038008
0.640093
0.893694
0.443865
-0.405134
-0.962385
-0.744795
0.117937
0.96419
1.02553
0.151812
-0.922102
-1.2404
-0.514387
0.688921
1.395098
0.820452
-0.447248
-1.462568
-1.142439
0.207354
1.455523
1.399065
0.033709
-1.350569
-1.502241
-0.316023
1.074969
1.439043
0.518023
-0.717024
-1.224226
-0.738996
0.318438
0.940386
0.710284
-0.018171
-0.60594
-0.646833
-0.279096
0.354449
0.67
0.43593
-0.073713
-0.594038
-0.651411
-0.170149
0.440203
0.771929
0.49544
-0.151228
-0.820783
-0.804609
-0.122846
0.745379
1.047198
0.416399
-0.627912
-1.112531
-0.594038
0.410296
1.076494
0.849749
-0.068525
-0.938886
-0.960554
-0.213178
0.688311
1.003863
0.390764
-0.524763
-0.906538
-0.491804
0.361773
0.799395
0.469195
-0.279707
-0.739912
-0.525984
0.151812
0.66115
0.552813
-0.095686
-0.514692
-0.502485
0.015093
0.390154
0.379473
0.045305
-0.245832
-0.25041
-0.048383
0.157305
0.125262
-0.091413
-0.155805
-0.053266
0.13106
0.189043
0.009295
-0.18907
-0.202192
0.016009
0.24489
0.250384
0.074602
-0.227827
-0.296491
-0.081342
0.275103
0.407549
0.129839
-0.278486
-0.474409
-0.20738
0.267473
0.549151
0.314165
-0.218061
-0.70207
-0.543073
0.083758
0.669695
0.683428
0.106646
-0.582136
-0.832075
-0.370649
0.399004
0.752703
0.573565
-0.185713
-0.74632
-0.723432
-0.019697
0.69472
0.840594
0.220476
-0.589765
-0.928205
-0.357832
0.478045
0.991656
0.595537
-0.320905
-0.972151
-0.768904
0.147234
0.941607
0.931841
0.101763
-0.785078
-0.981611
-0.350202
0.670305
1.093279
0.635515
-0.418867
-1.074079
-0.861677
0.052325
0.9117
0.996233
0.26198
-0.554975
-0.805219
-0.497297
0.204302
0.605303
0.463396
-0.008405
-0.359358
-0.404829
-0.174726
0.159441
0.243059
0.167986
0.08864
-0.088362
-0.221113
-0.218061
-0.093549
0.13045
0.330034
0.287615
-0.099958
-0.44206
-0.445417
-0.047773
0.488116
0.60866
0.17531
-0.455793
-0.715498
-0.344709
0.378252
0.78261
0.434405
-0.266279
-0.699934
-0.504621
0.177447
0.684038
0.499712
-0.117048
-0.568708
-0.488752
0.007159
0.503374
0.532366
0.113665
-0.263532
-0.499433
-0.343794
0.054766
0.390459
0.480181
0.279986
-0.158247
-0.56291
-0.509199
-0.055097
0.501238
0.679461
0.29677
-0.412458
-0.783247
-0.473799
0.229937
0.792986
0.691668
-0.074018
-0.816816
-0.793928
-0.121015
0.745379
0.948015
0.246111
-0.724043
-1.00572
-0.394148
0.550982
1.018511
0.602251
-0.381941
-0.984052
-0.780805
0.097185
0.925432
0.944353
0.156695
-0.749983
-0.994123
-0.430158
0.49544
0.971819
0.533892
-0.253767
-0.774702
-0.602583
0.056597
0.644976
0.610186
0.076739
-0.396894
-0.576643
-0.260175
0.324236
0.615374
0.390459
-0.154279
-0.543379
-0.509809
-0.069135
0.46187
0.53908
0.232378
-0.395063
-0.637983
-0.402998
0.1924
0.627886
0.498186
-0.059675
-0.558027
-0.55406
-0.041975
0.409075
0.538775
0.173174
-0.413069
-0.575117
-0.214094
0.365435
0.600115
0.323626
-0.21562
-0.577558
-0.404829
0.124041
0.562273
0.486284
0.084673
-0.453657
-0.566877
-0.148481
0.354143
0.519243
0.230242
-0.25987
-0.405134
-0.239118
0.089861
0.351397
0.231768
-0.055403
-0.270857
-0.220503
0.023028
0.194536
0.215288
-0.04228
-0.153974
-0.110334
-0.01634
0.124651
0.098101
-0.017561
-0.170759
-0.168623
-0.018781
0.147539
0.189959
0.080096
-0.075239
-0.122236
-0.137495
-0.041975
0.072161
0.158221
0.128313
0.005938
-0.079206
-0.148786
-0.121626
-0.024275
0.10573
0.175616
0.085284
-0.082563
-0.209516
-0.12834
0.084063
0.185686
0.1393
0.015703
-0.17259
-0.238508
0.005327
0.192705
0.265032
0.132891
-0.141462
-0.314802
-0.200361
0.12282
0.23543
0.266558
0.071245
-0.175947
-0.305341
-0.162519
0.072161
0.231158
0.226275
0.023028
-0.210127
-0.181745
-0.122541
0.136553
0.28792
0.249163
-0.131391
-0.403303
-0.345014
0.063006
0.463091
0.492083
0.018755
-0.459455
-0.608991
-0.200361
0.378863
0.673357
0.349871
-0.306257
-0.670027
-0.455488
0.155779
0.609881
0.528094
-0.009931
-0.522932
-0.507673
-0.07646
0.430437
0.511309
0.138079
-0.32884
-0.489668
-0.200971
0.193011
0.457903
0.277544
-0.148176
-0.413069
-0.367292
0.008684
0.369402
0.373064
0.097491
-0.255293
-0.310835
-0.24278
0.073382
0.311114
0.277849
0.067888
-0.175337
-0.247358
-0.1024
0.073076
0.134112
0.081621
0.035235
-0.078901
-0.130171
-0.07707
-0.010237
0.091997
0.102373
-0.008405
-0.052961
-0.021528
-0.005964
0.046526
0.054766
-0.062116
-0.055097
-0.029463
0.021197
0.03493
0.031878
0.008074
-0.003828
-0.004743
0.045916
-0.062727
-0.126814
-0.026411
0.033098
0.133501
0.153643
0.01021
-0.153974
-0.191816
-0.053877
0.057818
0.199724
0.1393
-0.096906
-0.157942
-0.139936
-0.010237
0.135943
0.149676
0.005633
-0.156111
-0.121626
-0.065473
0.126482
0.163103
0.091082
-0.081953
-0.188764
-0.176252
0.013567
0.237261
0.247027
-0.004743
-0.187238
-0.283064
-0.070356
0.1747
0.332476
0.18294
-0.110334
-0.350813
-0.319074
0.024554
0.37459
0.396258
0.119463
-0.277876
-0.409406
-0.263532
0.145403
0.419451
0.360552
0.029131
-0.358137
-0.410322
-0.182356
0.265642
0.478045
0.28731
-0.111555
-0.453047
-0.414289
-0.019697
0.400225
0.503374
0.175005
-0.294966
-0.533308
-0.323347
0.151201
0.502764
0.477434
0.015703
-0.45915
-0.543989
-0.213178
0.327593
0.583636
0.342242
-0.161604
-0.507368
-0.375532
0.007464
0.397478
0.442644
0.07094
-0.369734
-0.437177
-0.197309
0.31325
0.467058
0.304095
-0.164655
-0.42375
-0.362409
-0.023359
0.341631
0.403277
0.167681
-0.14604
-0.38133
-0.274824
0.022722
0.307757
0.356585
0.145708
-0.189375
-0.391706
-0.253767
0.120989
0.329424
0.301348
-0.002302
-0.332197
-0.39842
-0.088667
0.302263
0.404803
0.164629
