-0.015035
0.008159
-0.009236
0.01121
-0.009542
-0.000692
0.024943
-0.020833
0.031657
-8.12E-05
0.007853
-0.011678
0.003276
-0.017781
0.002665
0.023112
0.013652
0.008159
-8.12E-05
0.016703
-0.003438
0.010905
0.032878
-0.018697
0.011821
-0.009542
0.009379
-0.002828
-0.012593
0.031047
0.046916
-0.0248
-0.019918
0.00114
-0.024495
0.023723
0.009684
-0.005269
-0.012593
-0.004354
-0.004964
-0.004354
-0.055623
-0.026937
0.080485
0.036235
-0.012288
0.058818
0.019145
0.020976
-0.018392
-0.033345
-0.038533
-0.008626
-0.088887
-0.119405
-0.156026
-0.062947
0.224223
0.483012
0.376811
-0.180135
-0.83199
-0.943074
0.173564
1.290812
1.337504
-0.147176
-1.637044
-1.546407
0.069804
1.861491
2.063212
0.268779
-1.904988
-2.570577
-0.707173
2.044597
3.015361
1.115336
-2.015462
-3.322225
-1.370626
2.119365
3.995585
2.359843
-1.586385
-4.327474
-3.344197
0.594706
4.260478
4.240641
0.316081
-4.088521
-5.04128
-1.454854
3.672099
5.703044
2.382426
-3.376851
-6.329427
-3.458638
2.768779
6.479716
4.083476
-2.245565
-6.575399
-4.84963
1.545939
6.430888
5.371623
-0.835042
-6.273275
-5.848775
0.136027
5.918498
6.084819
0.491252
-5.705037
-6.711202
-1.646505
4.753642
6.576457
2.368083
-3.580098
-5.72701
-2.559285
2.771525
5.336833
3.027263
-1.738057
-4.626241
-3.318868
1.040263
4.380107
3.520121
-0.642171
-3.855062
-3.212972
0.243754
3.214335
2.970805
0.21873
-2.521749
-2.844319
-0.698018
1.830363
2.403178
0.868754
-1.101461
-1.778646
-0.792928
0.790019
1.338725
0.662455
-0.369344
-0.870748
-0.565572
0.041728
0.345073
0.121989
-0.150838
-0.136495
0.136943
-0.031209
-0.43221
-0.64095
-0.184407
0.640178
0.954509
0.219645
-0.980306
-1.413961
-0.622945
0.960307
1.682048
0.887675
-0.766988
-1.751485
-1.1097
0.640483
1.834941
1.284099
-0.401693
-1.679158
-1.279988
0.277324
1.618266
1.467204
0.090556
-1.277547
-1.503377
-0.373311
1.100688
1.602092
0.740886
-0.661702
-1.492696
-0.893636
0.537639
1.512675
1.21696
-0.237203
-1.504293
-1.421895
-0.055013
1.41685
1.659465
0.372538
-1.149373
-1.65566
-0.792928
0.593791
1.366801
1.010661
0.020976
-0.800862
-0.986714
-0.419698
0.381083
0.813517
0.596537
-0.141378
-0.868306
-0.868001
-0.053792
0.84312
1.060099
0.358806
-0.729756
-1.066365
-0.469136
0.533671
1.038127
0.763774
-0.141988
-0.960164
-1.028829
-0.264669
0.771098
1.279216
0.696025
-0.409932
-1.198201
-1.030049
-0.025106
0.987468
1.137919
0.237651
-0.828023
-1.130452
-0.403524
0.721354
1.070781
0.275187
-0.900045
-1.202169
-0.37148
0.918498
1.444926
0.563578
-0.993123
-1.632161
-0.689778
0.943217
1.819072
0.970073
-0.899434
-1.966634
-1.062093
0.965495
2.125468
1.142497
-1.026082
-2.263265
-1.194844
1.003337
2.246013
1.32072
-0.885091
-2.056356
-1.164937
0.838237
2.042766
1.359782
-0.55367
-1.965108
-1.470418
0.242534
1.691203
1.493754
-0.074239
-1.503987
-1.426473
-0.100789
1.206279
1.327128
0.225749
-1.095357
-1.301351
-0.374227
0.901103
1.272197
0.401835
-0.937276
-1.407247
-0.503621
0.90507
1.514811
0.890422
-0.522847
-1.564717
-1.177755
0.11497
1.215739
1.198954
0.061564
-1.142354
-1.263814
-0.157247
0.93162
1.23527
0.440593
-0.792318
-1.311422
-0.642781
0.6002
1.315837
0.861125
-0.444112
-1.46462
-1.149678
0.165019
1.421122
1.448588
0.176921
-1.278463
-1.554036
-0.442891
1.048198
1.575541
0.735698
-0.85732
-1.646199
-0.994039
0.640483
1.767802
1.322856
-0.377889
-1.736837
-1.479879
0.067668
1.574931
1.621928
0.243144
-1.29128
-1.582112
-0.593343
0.910258
1.583476
0.833049
-0.585408
-1.390157
-0.918355
0.269694
1.181559
0.96519
-0.039449
-0.876546
-0.923848
-0.198751
0.635905
0.819926
0.277934
-0.385213
-0.626912
-0.382772
0.148845
0.527568
0.372844
0.056376
-0.318074
-0.485921
-0.326314
0.10673
0.514445
0.609965
0.251689
-0.397115
-0.785604
-0.529561
0.119548
0.764384
0.797953
0.080485
-0.714803
-0.928121
-0.479512
0.315165
0.920939
0.832438
0.017924
-0.679708
-0.871358
-0.349202
0.447001
0.837016
0.430827
-0.361409
-0.824361
-0.535359
0.280986
0.915446
0.684428
-0.135884
-0.901265
-0.893331
-0.054708
0.864787
1.079631
0.462565
-0.502401
-1.124044
-0.915303
0.078349
0.997538
1.282267
0.627971
-0.567708
-1.325765
-0.955587
0.187907
1.205058
1.249003
0.29655
-1.080709
-1.531453
-0.737081
0.740275
1.691813
1.237712
-0.358052
-1.683431
-1.539998
0.046916
1.563334
1.744914
0.334391
-1.378255
-1.857686
-0.731282
0.992045
1.759257
0.932536
-0.6498
-1.614156
-1.138082
0.107341
1.107707
1.065593
0.233683
-0.676046
-1.021199
-0.627523
0.244975
0.906901
0.902629
0.170207
-0.669942
-1.042867
-0.523458
0.474772
1.118998
0.906291
-0.114522
-1.155782
-1.24001
-0.268331
1.072612
1.489177
0.716472
-0.802999
-1.673055
-1.064839
0.472026
1.66801
1.518779
0.052104
-1.489949
-1.759114
-0.48409
1.103129
1.767192
0.882792
-0.802693
-1.679158
-1.04012
0.434489
1.443705
1.10374
-0.211568
-1.356282
-1.16982
-0.031819
1.110148
1.28715
0.342936
-0.874105
-1.229329
-0.539327
0.518107
1.003642
0.673442
-0.245443
-0.794149
-0.664449
-0.059896
0.508036
0.59196
0.20225
-0.298543
-0.500569
-0.306783
0.074992
0.425029
0.333171
0.051494
-0.243306
-0.340047
-0.130086
0.186381
0.349955
0.270305
0.020671
-0.186544
-0.301595
-0.073934
0.137858
0.214457
0.147319
-0.011068
-0.16213
-0.259481
-0.248799
-0.066609
0.174174
0.381694
0.233378
-0.096822
-0.411458
-0.467
-0.128865
0.307841
0.489421
0.302958
-0.159688
-0.503926
-0.455098
0.069804
0.45341
0.502543
0.135112
-0.412984
-0.595174
-0.190206
0.414042
0.65269
0.312419
-0.34554
-0.764241
-0.407491
0.355143
0.82603
0.617595
-0.187459
-0.854879
-0.773397
-0.008626
0.793681
0.916972
0.333781
-0.589376
-0.939717
-0.579305
0.230937
0.8184
0.754313
0.112834
-0.488668
-0.574117
-0.216756
0.234599
0.3408
0.125956
-0.109029
-0.203328
-0.073629
0.107341
0.187297
0.033183
-0.138021
-0.104756
0.05363
0.141826
0.086894
-0.065999
-0.202413
-0.098653
0.108256
0.173869
0.067057
-0.125508
-0.253072
-0.150533
0.159831
0.269694
0.103373
-0.243306
-0.396505
-0.197225
0.187602
0.355449
0.189738
-0.117879
-0.243001
-0.209737
0.092082
0.252604
0.152507
-0.014424
-0.117879
-0.104146
-0.014424
0.033793
0.053019
0.072551
0.087504
-0.062947
-0.203328
-0.163045
0.121074
0.416179
0.343242
-0.114522
-0.526509
-0.490804
-0.005574
0.558085
0.652385
0.158
-0.464864
-0.733419
-0.325704
0.352092
0.754619
0.445781
-0.245137
-0.680928
-0.589986
0.069194
0.60966
0.562358
-0.035787
-0.564656
-0.575948
-0.040364
0.569072
0.657878
0.071025
-0.523763
-0.720296
-0.245748
0.460734
0.800395
0.410685
-0.348897
-0.774312
-0.552144
0.159221
0.719828
0.631022
-0.002523
-0.542073
-0.572286
-0.194783
0.406108
0.599589
0.235209
-0.307393
-0.572591
-0.342183
0.249858
0.64445
0.433268
-0.129171
-0.530477
-0.572591
-0.105977
0.482402
0.624308
0.204692
-0.414205
-0.719686
-0.45815
0.304179
0.711589
0.512614
-0.129171
-0.644918
-0.612569
-0.030599
0.570292
0.584941
0.104594
-0.463948
-0.583882
-0.14626
0.484538
0.607524
0.258098
-0.302205
-0.628133
-0.391927
0.246501
0.684733
0.509868
-0.04952
-0.578694
-0.635152
-0.075154
0.4705
0.61851
0.300212
-0.262838
-0.58785
-0.360799
0.165019
0.464702
0.311808
-0.057149
-0.392842
-0.291524
0.060954
0.315471
0.28007
0.01121
-0.287252
-0.296712
-0.0071
0.299296
0.307231
0.085063
-0.299459
-0.45754
-0.252767
0.142741
0.428996
0.42686
0.094828
-0.331502
-0.453878
-0.242696
0.075297
0.407328
0.408854
0.131144
-0.219197
-0.393758
-0.329976
0.009074
0.390849
0.380473
0.114665
-0.221944
-0.480123
-0.317159
0.109172
0.429301
0.405803
0.038676
-0.382466
-0.55306
-0.108724
0.376506
0.59196
0.385051
-0.212789
-0.648885
-0.537801
0.064616
0.610576
0.664897
0.151591
-0.541158
-0.707173
-0.3019
0.270305
0.652079
0.467143
-0.091939
-0.556722
-0.532613
-0.099568
0.404887
0.613627
0.278239
-0.255818
-0.643392
-0.443807
0.098185
0.642314
0.690226
0.10673
-0.618367
-0.854268
-0.340352
0.454936
0.935283
0.57487
-0.317159
-0.890584
-0.766988
0.007853
0.798564
0.89622
0.235209
-0.609517
-0.800557
-0.380635
0.350566
0.783915
0.468974
-0.206075
-0.703206
-0.585714
0.057902
0.644145
0.633464
0.022197
-0.569234
-0.74471
-0.248189
0.439372
0.715861
0.383525
-0.222859
-0.662618
-0.559774
-0.007405
0.495524
0.594401
0.23582
-0.255818
-0.513692
-0.325399
0.048137
0.344462
0.364299
0.078044
-0.273519
-0.350423
-0.243001
0.103679
0.351176
0.320353
-0.011373
-0.303121
-0.30251
-0.060811
0.253825
0.344462
0.029521
-0.20577
-0.346151
-0.16335
0.153727
0.38322
0.280375
-0.029378
-0.279622
-0.308614
-0.087972
0.221782
0.300822
0.151286
-0.08553
-0.208821
-0.190816
-0.0071
0.131144
0.129313
0.055156
-0.061116
-0.133748
-0.084615
0.068889
0.079265
-0.011373
-0.068746
-0.094686
-0.012899
0.066447
0.052409
0.023112
0.002055
-0.001302
-0.083394
-0.043416
-0.036092
0.00175
0.066752
0.112834
0.068889
-0.036702
-0.166402
-0.188069
-0.033345
0.240092
0.260539
0.144877
-0.141378
-0.31899
-0.269246
-0.003133
0.249858
0.320048
0.178141
-0.097127
-0.271382
-0.196309
-0.022359
0.213542
0.258708
0.136332
-0.101094
-0.247579
-0.19692
0.008159
0.237346
0.293803
0.067973
-0.1722
-0.250325
-0.192037
0.127177
0.364909
0.27183
-0.038839
-0.339437
-0.368123
-0.100179
0.313334
0.385661
0.108256
-0.200582
-0.428548
-0.30129
0.095744
0.39207
0.359721
0.048747
-0.266805
-0.384603
-0.115438
0.186076
0.336223
0.172953
-0.138936
-0.296712
-0.150533
0.113444
0.291667
0.197978
-0.016255
-0.275045
-0.19814
-0.02419
0.141826
0.203471
0.109782
-0.047383
-0.143514
-0.143209
-0.09316
0.005412
0.214457
0.21812
0.066752
-0.123983
-0.290609
-0.211568
0.053935
0.250773
0.244975
-0.004964
-0.217977
-0.287252
-0.021443
0.215678
0.174479
