-0.012372
-0.011457
-0.005964
0.005633
-0.013593
0.023333
-0.04289
0.008685
0.011431
-0.020917
-0.003828
-0.003217
-0.000165
-0.006879
0.037676
-0.025495
0.021807
0.044085
-0.01634
0.003497
-0.007795
-0.003522
0.033099
0.00838
0.001055
0.023333
-0.003828
-0.005353
0.062701
-0.014509
0.006854
0.007464
-0.011457
-0.017255
0.010821
0.009295
-0.024579
0.011736
-0.035261
-0.03343
-0.017866
-0.012678
0.009295
0.007464
-0.016035
-0.015729
0.004717
-0.055097
0.015704
-0.05113
-0.025495
0.103594
0.007769
-0.025495
-0.097211
-0.060285
-0.072797
-0.145734
-0.052656
0.17348
0.339495
0.185992
-0.191205
-0.561994
-0.472883
0.238482
0.925738
0.712725
-0.334943
-1.242536
-1.000532
0.439593
1.541583
1.289507
-0.337079
-1.823896
-1.719831
0.168902
2.088763
2.199236
0.184771
-2.249921
-2.512983
-0.1909
2.663714
3.23775
0.745379
-2.84593
-4.182599
-1.720746
2.616717
4.987933
2.766558
-2.379316
-5.78996
-3.922285
1.897723
6.264788
4.718768
-1.635602
-6.719526
-5.588544
0.853716
6.642291
6.068255
-0.291913
-6.46684
-6.562665
-0.415204
6.205584
6.942889
1.078936
-5.717634
-7.053388
-1.777204
5.065753
7.060687
2.55324
-4.292463
-7.11717
-3.380598
3.430316
6.764666
3.651263
-2.608198
-5.917524
-3.458112
2.070757
5.3398
3.502032
-1.277021
-4.578412
-3.583845
0.523211
4.126727
3.81087
-0.089582
-3.77519
-3.587202
-0.109418
3.076006
3.245684
0.442645
-2.525495
-3.021406
-0.859235
1.792132
2.745196
1.01607
-1.457075
-2.317975
-0.91081
1.26845
2.008807
0.77376
-1.003278
-1.59654
-0.645307
0.880877
1.231524
0.341937
-0.903486
-1.037153
-0.147565
0.838152
0.7289
-0.324872
-1.08537
-0.637983
0.59035
1.183001
0.482623
-0.902875
-1.488203
-0.62364
1.002642
1.808611
0.898882
-0.984052
-1.976484
-1.07591
0.957476
2.187335
1.433856
-0.68437
-2.078107
-1.501935
0.483538
2.03963
1.773821
0.006548
-1.816877
-2.002729
-0.326093
1.715228
2.147357
0.683123
-1.435712
-2.203229
-0.856794
1.244341
2.220904
1.165911
-0.928815
-2.223066
-1.467451
0.558001
2.004534
1.631609
-0.132001
-1.695112
-1.748823
-0.379804
1.148821
1.678607
0.727984
-0.6331
-1.396955
-0.908369
0.209185
1.03316
0.898882
0.08742
-0.761274
-1.062177
-0.406965
0.561968
1.159808
0.742938
-0.269941
-1.045698
-0.799421
0.121295
0.876299
0.892474
0.212847
-0.627912
-0.973981
-0.522016
0.340716
1.015154
0.879962
-0.012372
-0.922101
-1.040204
-0.349592
0.56441
0.979144
0.548235
-0.359968
-0.85832
-0.663007
0.101763
0.683428
0.486285
-0.228437
-0.627607
-0.341047
0.247332
0.650469
0.401751
-0.350507
-0.756391
-0.362714
0.42586
0.83388
0.388323
-0.52873
-0.916913
-0.258649
0.820147
1.089312
0.205828
-1.021589
-1.200117
-0.129255
1.160418
1.3539
0.202471
-1.234296
-1.444257
-0.17381
1.321246
1.532122
0.395037
-1.140912
-1.616987
-0.547651
0.986163
1.538531
0.657794
-0.852216
-1.588605
-0.843061
0.709979
1.55379
0.962359
-0.471052
-1.515058
-1.276411
0.089251
1.349017
1.483294
0.32149
-1.179365
-1.775068
-0.756696
0.920245
1.822955
1.219927
-0.404828
-1.690534
-1.544965
-0.095991
1.377398
1.616046
0.467669
-1.143049
-1.722883
-0.770734
0.807025
1.647173
1.042925
-0.499128
-1.607831
-1.341718
0.167986
1.452471
1.51137
0.13991
-1.351484
-1.683515
-0.513471
1.156451
1.838519
0.905596
-0.842145
-1.782087
-1.096052
0.555255
1.711566
1.304156
-0.226911
-1.547712
-1.460432
-0.062116
1.465899
1.673419
0.34743
-1.306928
-1.780561
-0.70329
1.071612
1.830279
0.94649
-0.73808
-1.737836
-1.18791
0.316607
1.599261
1.34566
0.016619
-1.285871
-1.382001
-0.31236
0.922991
1.300799
0.516802
-0.5977
-1.129316
-0.663923
0.315081
0.88637
0.686785
-0.074323
-0.630048
-0.674909
-0.171979
0.409991
0.624529
0.343463
-0.138715
-0.514692
-0.532697
-0.119489
0.391985
0.58272
0.406634
-0.111555
-0.620588
-0.648664
-0.200056
0.429522
0.658099
0.442034
-0.204328
-0.726179
-0.65904
-0.150617
0.542132
0.841204
0.436541
-0.316022
-0.78935
-0.579084
0.099017
0.708453
0.620562
0.04439
-0.549482
-0.630964
-0.109113
0.543047
0.692278
0.184466
-0.489667
-0.767072
-0.300458
0.45119
0.865923
0.509783
-0.219892
-0.824445
-0.823224
-0.150617
0.68587
1.060626
0.688616
-0.322431
-1.077741
-0.975202
-0.020002
0.945269
1.180255
0.401141
-0.852827
-1.425947
-0.754255
0.542437
1.540057
1.171099
-0.247053
-1.569684
-1.458906
-0.038007
1.452776
1.688677
0.393206
-1.276716
-1.751264
-0.674604
0.951983
1.617266
0.880572
-0.557111
-1.360944
-0.954145
0.142047
0.949236
0.866229
0.142657
-0.602888
-0.775312
-0.380109
0.222918
0.682818
0.579058
0.079485
-0.500349
-0.773176
-0.436567
0.278765
0.913226
0.760638
0.018145
-0.838178
-1.08537
-0.339521
0.764605
1.265093
0.710284
-0.526288
-1.359418
-1.000532
0.265643
1.234881
1.22481
0.145709
-1.018842
-1.287702
-0.455488
0.702349
1.269671
0.730731
-0.47685
-1.203779
-0.761579
0.263812
1.033465
0.773455
-0.170453
-0.942548
-0.810102
0.024249
0.760333
0.787188
0.181719
-0.615095
-0.794233
-0.220197
0.376727
0.585772
0.282122
-0.202192
-0.407575
-0.228132
0.108477
0.163409
0.143267
-0.040449
-0.103315
-0.002302
0.077654
0.004717
-0.075544
-0.071577
0.039813
0.116412
0.14876
-0.047468
-0.134138
-0.131696
0.029742
0.224139
0.266558
0.01784
-0.269636
-0.316328
-0.09538
0.204608
0.432879
0.214373
-0.203107
-0.579084
-0.467084
0.024249
0.550982
0.629717
0.115801
-0.507978
-0.761884
-0.360273
0.319354
0.686785
0.543047
-0.09416
-0.638288
-0.672468
-0.056318
0.640704
0.795733
0.229327
-0.468915
-0.848554
-0.40666
0.414874
0.907427
0.617816
-0.238508
-0.913557
-0.812543
0.099932
0.940081
0.960223
0.124346
-0.809186
-0.999006
-0.380414
0.641924
1.089922
0.679766
-0.345624
-1.059125
-0.888227
-0.028242
0.847308
0.965411
0.315081
-0.46861
-0.781415
-0.452131
0.140521
0.491778
0.428607
-0.008405
-0.283063
-0.325788
-0.074323
0.151507
0.18233
0.103594
-0.013898
-0.024274
-0.092634
-0.151227
-0.108808
0.058734
0.206744
0.261675
0.067889
-0.309003
-0.39018
-0.175336
0.262591
0.535418
0.340106
-0.247968
-0.636762
-0.39842
0.095049
0.556475
0.491168
-0.030378
-0.517744
-0.451215
0.019671
0.477435
0.464617
-0.011152
-0.505536
-0.39842
-0.002912
0.377947
0.392596
0.118243
-0.19914
-0.314191
-0.21623
-0.041059
0.189654
0.367266
0.296465
0.051409
-0.345624
-0.496686
-0.296491
0.240008
0.604998
0.479571
-0.109113
-0.665754
-0.616315
-0.027936
0.617205
0.753924
0.168292
-0.578779
-0.840314
-0.324567
0.50429
0.870806
0.446002
-0.472272
-0.897993
-0.542158
0.333087
0.921465
0.684954
-0.130781
-0.889448
-0.856489
-0.102704
0.744769
0.975176
0.326983
-0.576337
-1.000837
-0.549787
0.350787
0.865923
0.652606
-0.101484
-0.684675
-0.614789
-0.075239
0.533587
0.644671
0.193316
-0.378583
-0.59831
-0.291608
0.220172
0.590045
0.447222
-0.079206
-0.520795
-0.524152
-0.201276
0.403887
0.667864
0.273577
-0.320905
-0.658735
-0.486921
0.100543
0.616595
0.578143
0.010516
-0.490888
-0.636152
-0.181745
0.469195
0.621172
0.226885
-0.373701
-0.617536
-0.271161
0.353839
0.662371
0.344988
-0.178693
-0.634931
-0.498517
0.072772
0.611712
0.576312
0.094439
-0.449995
-0.611738
-0.20799
0.35628
0.580584
0.29555
-0.149702
-0.509809
-0.349286
0.117938
0.395953
0.269305
-0.044416
-0.295881
-0.281843
0.023943
0.26137
0.208575
0.051104
-0.178083
-0.222333
-0.017255
0.191485
0.172869
0.005633
-0.177778
-0.267194
-0.136579
0.12282
0.247027
0.228411
0.035845
-0.18968
-0.254682
-0.138715
0.040118
0.196978
0.236651
0.106036
-0.101484
-0.197004
-0.226911
-0.048994
0.185381
0.256487
0.114581
-0.106367
-0.27757
-0.226606
0.051104
0.290362
0.246722
0.059039
-0.261091
-0.386518
-0.117658
0.268694
0.41701
0.26961
-0.109113
-0.435956
-0.39903
-0.002607
0.344683
0.455462
0.200335
-0.230573
-0.435041
-0.26811
0.066668
0.332781
0.348651
0.067584
-0.255598
-0.32121
-0.168317
0.158221
0.40877
0.298602
-0.116437
-0.447248
-0.434736
-0.009321
0.474383
0.63338
0.172259
-0.432599
-0.731061
-0.395368
0.344988
0.786883
0.536028
-0.191511
-0.767682
-0.652936
0.00136
0.660235
0.670611
0.136248
-0.495771
-0.679487
-0.222639
0.407244
0.608355
0.283953
-0.274824
-0.557722
-0.395368
0.169818
0.510089
0.430132
-0.009016
-0.459455
-0.537275
-0.129865
0.356585
0.524127
0.251605
-0.162824
-0.478681
-0.34593
-0.005659
0.306536
0.404803
0.187213
-0.152753
-0.310224
-0.236677
0.015399
0.162188
0.225054
0.056597
-0.085004
-0.16374
-0.150617
-0.005659
0.190264
0.180499
0.009295
-0.158246
-0.138105
-0.05937
0.121295
0.16524
0.023638
-0.098127
-0.14787
-0.089277
0.066668
0.166155
0.15761
0.007769
-0.037092
-0.097822
-0.079206
-0.010847
0.01784
0.070941
0.107562
0.045306
-0.040754
-0.124982
-0.096296
-0.065473
0.081927
0.113665
0.057818
-0.043195
-0.127119
-0.10301
0.01784
0.086505
0.058428
-0.030988
-0.048688
-0.116743
-0.022138
0.084368
0.132281
0.083148
-0.060895
-0.188459
-0.135969
0.041644
0.20949
0.175921
0.066363
-0.186628
-0.267499
-0.087751
0.162493
0.325457
0.227496
-0.106977
-0.365156
-0.352033
0.008074
0.276629
0.394122
0.170123
-0.188764
-0.395063
-0.288862
0.054156
0.36574
0.353839
0.066973
-0.284589
-0.363019
-0.222639
0.154559
0.396868
0.312029
-0.021528
-0.356916
-0.427106
-0.117963
0.322405
0.517718
0.256182
-0.143903
-0.489973
-0.434125
0.029131
0.449053
0.496966
0.132891
-0.344099
-0.533613
-0.333112
0.212847
0.46126
0.393206
-0.020307
-0.399335
-0.392621
-0.063337
0.310809
0.421588
0.132281
-0.29405
-0.453962
-0.160383
0.19942
0.413348
0.316912
-0.09477
-0.383771
-0.3383
-0.055402
0.261675
0.360247
0.219561
-0.141462
-0.272687
-0.249799
-0.040754
0.193926
0.29494
0.195147
-0.061201
-0.293134
-0.2852
-0.060285
0.264422
0.301348
0.117022
-0.214094
-0.378278
-0.16374
0.17348
0.359637
0.236956
