0.011729
-0.006276
-0.005666
0.024852
-0.027943
0.010204
0.007762
-0.004445
0.014476
-0.01299
-0.042592
0.03004
-0.000478
-0.026723
0.005321
-0.020619
0.023936
0.01295
-0.023976
-0.008717
0.00471
-0.011159
0.048045
0.009288
-0.044423
0.002269
-0.002614
-0.005971
0.023326
-0.011464
0.000133
0.02058
0.006847
-0.006886
0.026378
-0.012685
0.02943
0.016612
-0.017873
-0.014821
-0.001698
-0.068837
-0.038014
0.036143
0.080394
0.050487
-0.015736
0.097484
0.018443
0.003185
0.009898
0.027599
-0.008412
-0.035268
-0.067311
-0.078603
-0.160085
-0.063039
0.117625
0.337962
0.456676
-0.077382
-0.66515
-0.832997
0.014171
1.000194
1.078014
-0.009633
-1.370107
-1.365529
-0.099355
1.578807
1.95631
0.407848
-1.652394
-2.322865
-0.783559
1.759166
2.838268
1.211375
-1.718922
-3.165456
-1.528798
1.866893
3.841991
2.415904
-1.369496
-4.205495
-3.486501
0.527477
4.242076
4.376048
0.40327
-4.238759
-5.279713
-1.483327
3.92683
5.978221
2.39149
-3.821584
-6.702138
-3.383656
3.170299
6.891307
4.099559
-2.624684
-6.970387
-4.896718
1.866283
6.935863
5.539073
-1.260548
-6.873341
-6.05486
0.592784
6.605968
6.287059
0.011119
-6.341725
-6.938954
-1.152821
5.546703
6.751231
1.820811
-4.26653
-5.90807
-1.96642
3.524913
5.469188
2.470531
-2.458974
-4.853078
-2.836476
1.70515
4.678783
3.274059
-1.258412
-4.228383
-2.963124
0.824413
3.514537
2.814159
-0.321828
-2.951527
-2.684499
-0.241261
2.181529
2.375926
0.456676
-1.552602
-1.859608
-0.413075
1.241893
1.521434
0.376109
-0.787831
-1.070424
-0.406056
0.478038
0.60377
-0.012685
-0.515309
-0.359975
0.1692
0.310802
-0.137196
-0.68224
-0.442372
0.373668
0.953197
0.453929
-0.73351
-1.391164
-0.806447
0.661143
1.646556
1.151866
-0.537892
-1.750966
-1.322804
0.379161
1.847057
1.53242
-0.166798
-1.642018
-1.519032
0.061473
1.570262
1.687755
0.348949
-1.191884
-1.727467
-0.666982
0.972728
1.745433
1.014537
-0.537282
-1.613637
-1.180592
0.374583
1.567516
1.440868
-0.03008
-1.550771
-1.675282
-0.247975
1.437816
1.859874
0.579051
-1.152211
-1.829701
-0.95873
0.586681
1.547984
1.147899
0.02119
-0.953542
-1.139088
-0.417958
0.492381
0.927562
0.55952
-0.224782
-0.962697
-0.895863
-0.026723
0.903453
1.103038
0.341014
-0.720082
-1.097279
-0.460683
0.573558
1.031322
0.747813
-0.164357
-0.95873
-0.972768
-0.207387
0.779857
1.18513
0.632152
-0.458546
-1.169911
-0.926076
0.041942
0.977
1.00172
0.157603
-0.809804
-1.033498
-0.320302
0.704478
0.98524
0.240306
-0.781117
-1.043568
-0.287648
0.883311
1.256541
0.433482
-0.934315
-1.421376
-0.530568
0.910777
1.55714
0.704478
-0.952931
-1.668874
-0.679494
1.136607
1.840038
0.676707
-1.232167
-1.948109
-0.699635
1.264781
2.017039
0.754832
-1.236134
-1.886464
-0.688954
1.244945
1.957835
0.850352
-1.073476
-1.970692
-1.01183
0.822581
1.766185
1.066722
-0.654774
-1.686879
-1.03838
0.513744
1.485118
1.019725
-0.363026
-1.407643
-1.112843
0.165843
1.251659
1.187572
0.017223
-1.244679
-1.435719
-0.261403
1.136913
1.614818
0.746593
-0.754872
-1.661244
-1.107045
0.305309
1.370677
1.239452
-0.076466
-1.287099
-1.298695
-0.128957
1.068553
1.345653
0.474986
-0.914174
-1.451283
-0.718556
0.660838
1.430797
0.937938
-0.478383
-1.537953
-1.25414
0.167369
1.424693
1.565074
0.188121
-1.302663
-1.623097
-0.428334
1.098766
1.623668
0.728893
-0.868398
-1.691762
-0.998097
0.651683
1.810741
1.325206
-0.383473
-1.816273
-1.528798
0.088939
1.644725
1.659679
0.214366
-1.389943
-1.717702
-0.556813
1.019725
1.651439
0.862865
-0.67278
-1.491261
-0.922719
0.363902
1.270885
1.01179
-0.014821
-0.99474
-0.981007
-0.157948
0.65504
0.855846
0.274486
-0.417958
-0.674916
-0.385609
0.158824
0.480174
0.451183
0.052013
-0.320607
-0.449391
-0.338307
0.106639
0.509166
0.572337
0.222606
-0.378896
-0.742055
-0.565358
0.124644
0.732555
0.743846
0.100536
-0.698109
-0.918752
-0.476552
0.325755
0.921153
0.794505
-0.005971
-0.70818
-0.84612
-0.324574
0.476817
0.829295
0.407848
-0.365773
-0.791493
-0.500966
0.288219
0.912608
0.655345
-0.148488
-0.851003
-0.810109
-0.008717
0.829906
1.005077
0.379161
-0.514088
-1.058217
-0.757314
0.106029
1.01179
1.174754
0.473155
-0.623341
-1.247731
-0.807057
0.294322
1.166209
1.133861
0.099315
-1.115895
-1.499196
-0.555592
0.88087
1.691112
1.081676
-0.56963
-1.782094
-1.37682
0.276622
1.711864
1.604442
0.105418
-1.61028
-1.811391
-0.46526
1.240367
1.745738
0.70753
-0.88091
-1.609059
-0.945302
0.391978
1.157359
0.926036
-0.029774
-0.781422
-0.902577
-0.364857
0.417308
0.847911
0.630626
-0.018788
-0.716115
-0.823537
-0.343495
0.529002
1.009654
0.737132
-0.191518
-1.106129
-1.136952
-0.13506
1.076183
1.435985
0.550365
-0.87267
-1.647511
-0.953847
0.639781
1.6786
1.351756
-0.134145
-1.537648
-1.578847
-0.28307
1.242503
1.626109
0.656566
-0.944386
-1.626454
-0.793629
0.62971
1.396922
0.869884
-0.455495
-1.329518
-0.997487
0.21162
1.113109
1.090221
0.115184
-0.929433
-1.05486
-0.28246
0.592174
0.877513
0.41273
-0.311147
-0.664845
-0.430775
0.049876
0.459422
0.406627
0.046214
-0.295888
-0.314503
-0.110341
0.1161
0.245494
0.138683
0.043773
-0.082265
-0.179311
-0.121632
0.059337
0.225352
0.210094
0.104808
-0.065175
-0.220509
-0.191212
0.026988
0.18568
0.184154
0.112437
-0.121938
-0.333424
-0.319386
-0.102711
0.219859
0.442332
0.348643
-0.152455
-0.511037
-0.522633
-0.112782
0.388927
0.561656
0.273265
-0.230885
-0.564137
-0.442067
0.063609
0.639476
0.578136
0.039195
-0.518971
-0.671559
-0.160695
0.546397
0.743541
0.292796
-0.449391
-0.830861
-0.479909
0.427989
0.923595
0.633983
-0.257741
-0.912343
-0.810719
0.037364
0.876292
0.955638
0.288829
-0.674001
-1.031972
-0.552846
0.353221
0.928172
0.74232
0.031261
-0.588246
-0.612965
-0.168019
0.280589
0.419139
0.151805
-0.188771
-0.274831
-0.1256
0.126781
0.190868
0.069102
-0.09203
-0.106984
0.016612
0.013866
0.020274
-0.097829
-0.093861
0.028209
0.141734
0.121898
-0.077992
-0.229359
-0.19579
0.041331
0.300426
0.258617
-0.080739
-0.399648
-0.38744
-0.020314
0.317516
0.387706
0.059642
-0.303212
-0.329457
-0.066701
0.241527
0.309886
0.04713
-0.206166
-0.209218
0.035228
0.160045
0.134715
0.026988
-0.070973
-0.088979
-0.032521
-0.121327
0.005016
0.192699
0.351695
0.167979
-0.1964
-0.497914
-0.400563
0.113963
0.586681
0.502452
0.04713
-0.573903
-0.670338
-0.172902
0.500621
0.731944
0.2989
-0.410634
-0.769521
-0.404225
0.303172
0.742015
0.413951
-0.284901
-0.749074
-0.497914
0.242747
0.73286
0.590343
-0.109425
-0.751515
-0.747243
-0.079213
0.697154
0.812816
0.269603
-0.567494
-0.866261
-0.406056
0.37672
0.781383
0.546397
-0.149403
-0.623952
-0.56841
0.016307
0.491161
0.573253
0.118236
-0.421925
-0.569325
-0.229359
0.309886
0.608348
0.366649
-0.164662
-0.619374
-0.492116
-0.033131
0.511302
0.598277
0.144481
-0.47411
-0.683766
-0.331593
0.31599
0.682811
0.505199
-0.19579
-0.662404
-0.551625
0.016002
0.566234
0.578746
0.062389
-0.511647
-0.579091
-0.113087
0.501537
0.675487
0.22932
-0.397206
-0.645314
-0.338002
0.283946
0.699596
0.495433
-0.120412
-0.587636
-0.599843
-0.072194
0.529613
0.593394
0.193614
-0.346852
-0.536671
-0.283376
0.206432
0.474986
0.27235
-0.106374
-0.383168
-0.253163
0.095653
0.353831
0.258922
-0.068227
-0.283986
-0.237904
0.008372
0.274486
0.265025
0.018748
-0.275746
-0.385304
-0.167104
0.175914
0.40388
0.304088
0.003795
-0.272084
-0.36913
-0.199147
0.12495
0.341624
0.301036
0.10847
-0.20403
-0.348073
-0.237294
0.03828
0.294627
0.363902
0.122508
-0.294972
-0.422231
-0.246449
0.151195
0.416698
0.359935
-0.036183
-0.379506
-0.436879
-0.114613
0.370006
0.602855
0.284251
-0.25713
-0.62029
-0.431691
0.1161
0.594005
0.572643
0.071544
-0.454579
-0.625783
-0.312672
0.325145
0.592174
0.361156
-0.113393
-0.486012
-0.429555
-0.040456
0.381602
0.487804
0.202159
-0.265981
-0.653249
-0.372487
0.16981
0.657787
0.586986
0.027904
-0.633107
-0.807668
-0.258656
0.532054
0.905589
0.545482
-0.374623
-0.949879
-0.669423
0.126781
0.831737
0.796031
0.121288
-0.644093
-0.800038
-0.225697
0.457286
0.729808
0.326976
-0.330678
-0.730458
-0.431691
0.211314
0.635509
0.527782
-0.070668
-0.633717
-0.653249
-0.051747
0.489024
0.648021
0.28242
-0.33434
-0.608693
-0.41216
0.052318
0.470409
0.521373
0.130748
-0.341969
-0.422536
-0.247975
0.068492
0.326671
0.28242
0.019054
-0.215932
-0.323354
-0.20464
0.120677
0.358714
0.250682
-0.014211
-0.274525
-0.261098
-0.025807
0.23878
0.251903
0.050182
-0.193654
-0.303517
-0.109731
0.162181
0.309581
0.227489
-0.039845
-0.241261
-0.24828
-0.038625
0.163707
0.230235
0.140514
-0.071278
-0.142995
-0.122243
-0.00536
0.081615
0.072765
0.052928
-0.028859
-0.067616
-0.043507
-0.014211
0.022105
-0.029164
-0.026112
-0.048085
-0.027028
0.025462
-0.013295
0.022716
0.036143
0.016917
-0.011464
-0.065785
-0.103627
-0.008107
0.092296
0.158519
0.081004
-0.023366
-0.209218
-0.206471
0.017833
0.218333
0.292796
0.170421
-0.19518
-0.353566
-0.232716
0.042247
0.300121
0.34254
0.114574
-0.194875
-0.305348
-0.170461
0.016307
0.309581
0.261363
0.050182
-0.206776
-0.280629
-0.158864
0.113963
0.29951
0.227794
-0.010243
-0.280324
-0.293752
-0.119496
0.232982
0.389537
0.223827
-0.113698
-0.411549
-0.347157
0.052013
0.378246
0.375194
0.024242
-0.304433
-0.474416
-0.215016
0.202464
0.445384
0.331859
-0.05602
-0.382863
-0.341664
-0.028249
0.312938
0.321788
0.102672
-0.27422
-0.312978
-0.084096
0.225047
0.348338
0.192088
-0.1433
-0.330678
-0.244618
0.056895
0.206737
0.276317
0.069408
-0.124684
-0.216847
-0.145741
-0.026723
0.118541
0.22932
0.188121
0.012645
-0.180531
-0.286732
-0.111562
0.136241
0.260143
0.157909
-0.102711
-0.281239
-0.199147
0.073985
0.236949
0.197276
