-0.024033
0.03334
-0.024948
0.002213
-0.014267
7.63E-05
0.005875
-0.017929
-0.003586
0.018387
-0.003586
0.003433
0.051346
-0.013657
0.002518
-0.017624
-0.01152
-0.00267
0.013199
-0.006638
0.004349
0.005264
0.001602
0.009537
0.024185
-0.039291
-0.007553
0.000381
0.002823
0.019913
0.003433
-0.022507
-0.002365
0.007706
-0.025253
0.018082
0.005264
0.012283
-0.006027
-0.049973
-0.030746
0.003128
0.011978
0.006485
0.016556
-0.079575
-0.004501
-0.003281
-0.027695
-0.070114
-0.01152
0.083694
0.022049
0.014114
0.056839
-0.012436
-0.08049
-0.0811
-0.033798
0.144119
0.272598
0.24086
-0.087204
-0.500717
-0.469284
0.160904
0.819473
0.743484
-0.224228
-1.17424
-1.033554
0.323868
1.48262
1.257401
-0.247421
-1.71196
-1.661301
0.063248
1.895523
2.209549
0.248489
-2.114182
-2.470932
-0.335617
2.490005
3.230362
0.824051
-2.716599
-4.138107
-1.878281
2.551346
4.97261
2.873917
-2.334213
-5.818405
-4.007797
1.886673
6.297379
4.726639
-1.606674
-6.72081
-5.516586
0.965347
6.57692
5.929642
-0.3759
-6.436386
-6.459579
-0.290146
6.191483
6.849442
1.006546
-5.717697
-6.991196
-1.707687
5.071182
6.993484
2.458572
-4.345322
-7.065964
-3.247604
3.480301
6.711197
3.531265
-2.673264
-5.860214
-3.288498
2.126541
5.289688
3.364334
-1.392441
-4.522324
-3.453903
0.644913
4.132156
3.719559
-0.2108
-3.778305
-3.520126
-0.027084
3.159256
3.190689
0.333633
-2.59697
-2.977219
-0.736923
1.95015
2.677994
0.884781
-1.545639
-2.420578
-0.858994
1.370926
2.073441
0.758743
-1.06926
-1.740036
-0.587692
0.920792
1.330643
0.324173
-0.985947
-1.148911
-0.117416
0.93483
0.83046
-0.24498
-1.215439
-0.771103
0.517349
1.241226
0.581741
-0.814133
-1.552353
-0.754929
0.941238
1.825943
0.994644
-0.877609
-2.095566
-1.296616
0.912857
2.231216
1.549149
-0.57457
-2.152939
-1.625595
0.398941
2.085648
1.903763
0.08522
-1.899338
-2.047653
-0.398178
1.689529
2.262039
0.750198
-1.446762
-2.263412
-0.929184
1.179276
2.303848
1.196976
-0.889206
-2.239914
-1.545639
0.489578
2.035294
1.691666
-0.064316
-1.648788
-1.869125
-0.447617
1.175613
1.73378
0.788345
-0.639877
-1.430283
-0.930099
0.222855
1.047745
0.942764
0.037003
-0.805283
-0.984116
-0.430222
0.543289
1.129837
0.757523
-0.272141
-1.014633
-0.786972
0.092545
0.8741
0.896378
0.187759
-0.589828
-0.936203
-0.524826
0.333328
1.008377
0.833817
-0.02861
-0.877914
-1.046982
-0.305405
0.592728
0.894547
0.519791
-0.309372
-0.834579
-0.647812
0.085526
0.622635
0.441971
-0.190659
-0.53215
-0.317612
0.253372
0.567398
0.3022
-0.319138
-0.664597
-0.315781
0.401688
0.744705
0.299759
-0.484238
-0.767441
-0.146713
0.833511
0.937881
-0.006027
-1.076889
-1.023178
0.105362
1.242142
1.233597
0.004349
-1.361618
-1.344528
0.026627
1.423416
1.511307
0.20546
-1.275558
-1.562729
-0.388718
1.084671
1.580276
0.516129
-0.989914
-1.617661
-0.720444
0.854263
1.613846
0.932999
-0.606308
-1.6082
-1.210861
0.194473
1.435623
1.481705
0.250931
-1.278915
-1.783371
-0.721664
0.975113
1.853104
1.199112
-0.455246
-1.68602
-1.513596
-0.089035
1.414566
1.642838
0.433121
-1.186752
-1.7556
-0.776596
0.853348
1.69014
1.032181
-0.570602
-1.587448
-1.317062
0.185928
1.482315
1.513443
0.13649
-1.363144
-1.687241
-0.521774
1.158524
1.873856
0.865555
-0.836716
-1.75621
-1.127243
0.583878
1.693497
1.317825
-0.203781
-1.520615
-1.457443
-0.095139
1.450882
1.625137
0.401382
-1.2957
-1.778183
-0.708237
1.03981
1.831436
0.948257
-0.708542
-1.718674
-1.194992
0.292435
1.536942
1.417313
0.050735
-1.254501
-1.430283
-0.365829
0.911942
1.314468
0.531693
-0.636215
-1.111069
-0.645065
0.328445
0.857925
0.662918
-0.044479
-0.63591
-0.701218
-0.183029
0.40657
0.675735
0.327225
-0.150986
-0.576706
-0.511703
-0.128708
0.366287
0.624771
0.416336
-0.13298
-0.607529
-0.629196
-0.20134
0.377884
0.704117
0.402298
-0.168991
-0.654831
-0.669479
-0.186691
0.534134
0.836563
0.4496
-0.27153
-0.770187
-0.605087
0.103836
0.647659
0.636063
0.061111
-0.533066
-0.628891
-0.110092
0.490799
0.696487
0.172501
-0.454941
-0.663071
-0.296555
0.438919
0.791092
0.494766
-0.215683
-0.816574
-0.812302
-0.176926
0.712967
1.01387
0.600967
-0.313339
-1.057053
-0.927963
-0.021591
0.927505
1.14357
0.360184
-0.793076
-1.395798
-0.685959
0.575943
1.495438
1.103592
-0.303574
-1.539536
-1.398544
0.036392
1.502762
1.620255
0.323563
-1.339951
-1.711655
-0.613022
0.971451
1.589432
0.80513
-0.60173
-1.354904
-0.887985
0.207596
0.900955
0.836563
0.071793
-0.603256
-0.707321
-0.338058
0.243912
0.65712
0.553665
0.019302
-0.537643
-0.677414
-0.364914
0.33577
0.835342
0.677567
-0.003586
-0.837326
-1.035385
-0.307236
0.778275
1.234818
0.636368
-0.565109
-1.316147
-0.882797
0.281754
1.196976
1.106949
0.123672
-0.990829
-1.228256
-0.383835
0.725174
1.133194
0.626602
-0.473862
-1.115952
-0.689621
0.30098
0.945206
0.698013
-0.195847
-0.911179
-0.747604
0.100174
0.767593
0.765762
0.045242
-0.59227
-0.702744
-0.155258
0.377579
0.524979
0.236588
-0.226364
-0.430527
-0.132675
0.112381
0.161514
0.047379
-0.079575
-0.075302
0.048294
0.121231
-0.000229
-0.116501
-0.105209
0.046158
0.167313
0.157547
0.020218
-0.189133
-0.168686
0.004959
0.256424
0.297012
0.03273
-0.283737
-0.39299
-0.126266
0.211258
0.469131
0.305862
-0.258408
-0.61882
-0.508652
0.048904
0.602188
0.645218
0.136185
-0.52269
-0.763779
-0.381393
0.290909
0.765152
0.553055
-0.114975
-0.681686
-0.692062
-0.03685
0.668716
0.781937
0.250015
-0.491867
-0.887985
-0.400314
0.451126
0.940628
0.621109
-0.270309
-0.946884
-0.80986
0.181961
0.905228
0.940018
0.117264
-0.779037
-1.048508
-0.385361
0.655289
1.115494
0.67482
-0.368576
-1.133041
-0.86937
0.021439
0.87532
0.944901
0.353165
-0.489426
-0.800705
-0.465012
0.164261
0.518875
0.438614
-0.007858
-0.295639
-0.32341
-0.069504
0.113602
0.195694
0.114212
-0.018845
-0.041122
-0.100021
-0.123215
-0.115891
0.055618
0.250015
0.25032
0.051956
-0.360336
-0.451889
-0.128098
0.33577
0.55275
0.301285
-0.230331
-0.676804
-0.454025
0.186539
0.610428
0.503922
-0.087814
-0.586472
-0.471115
0.079117
0.521927
0.410233
-0.024033
-0.48851
-0.419846
-0.004807
0.402298
0.456924
0.125504
-0.253525
-0.37529
-0.213852
0.007095
0.218887
0.395889
0.281754
0.012283
-0.389938
-0.519943
-0.240402
0.310745
0.626907
0.421524
-0.151901
-0.695724
-0.622787
0.034561
0.665054
0.750809
0.121536
-0.661545
-0.858994
-0.258408
0.589981
0.927505
0.347366
-0.510178
-0.945358
-0.539169
0.418167
0.956497
0.664139
-0.201035
-0.951157
-0.856552
-0.060959
0.848465
0.938187
0.32692
-0.610275
-1.021652
-0.52269
0.395279
0.913162
0.640945
-0.136642
-0.722885
-0.666733
-0.00145
0.535049
0.641251
0.146255
-0.407639
-0.586777
-0.273972
0.261612
0.607376
0.433121
-0.075607
-0.579453
-0.521469
-0.160751
0.420303
0.645828
0.300369
-0.351486
-0.667343
-0.45372
0.112686
0.585098
0.614395
-0.001755
-0.543442
-0.573349
-0.16777
0.431595
0.628128
0.218277
-0.40184
-0.617294
-0.254135
0.302811
0.673904
0.369034
-0.233383
-0.593796
-0.492477
0.072403
0.615921
0.589066
0.068741
-0.464706
-0.55748
-0.220261
0.358963
0.574722
0.251236
-0.173264
-0.457382
-0.33165
0.097733
0.411148
0.2668
-0.078354
-0.298386
-0.266342
0.015945
0.246964
0.220108
0.005875
-0.156784
-0.189438
-0.031357
0.176468
0.178604
-0.048752
-0.18425
-0.232162
-0.100021
0.146866
0.225296
0.160599
0.020828
-0.154953
-0.24498
-0.14183
0.07637
0.179214
0.209427
0.094986
-0.075302
-0.190353
-0.188828
-0.07103
0.12886
0.257339
0.127945
-0.08049
-0.287399
-0.188217
0.04921
0.21492
0.254288
0.016251
-0.233688
-0.334396
-0.113754
0.264053
0.37117
0.250931
-0.137863
-0.407028
-0.352707
0.005569
0.354691
0.397415
0.166092
-0.189743
-0.40184
-0.246506
0.10231
0.30098
0.276566
0.086746
-0.218124
-0.311813
-0.146713
0.139542
0.355606
0.29335
-0.101242
-0.497055
-0.396957
0.019302
0.483475
0.586624
0.16243
-0.460434
-0.701218
-0.348434
0.331497
0.765762
0.571976
-0.255966
-0.746078
-0.626755
0.063553
0.625992
0.666885
0.102615
-0.513535
-0.622177
-0.183334
0.362625
0.616837
0.246658
-0.285568
-0.576706
-0.309677
0.173721
0.497513
0.389481
-0.056992
-0.443649
-0.448532
-0.084152
0.362625
0.48439
0.24147
-0.208664
-0.420151
-0.347824
-0.002365
0.322342
0.37117
0.153885
-0.171127
-0.273972
-0.197372
0.007401
0.193558
0.156631
0.072403
-0.052719
-0.152817
-0.129013
-0.0103
0.186539
0.125198
0.022354
-0.107346
-0.154953
-0.00206
0.09346
0.129471
0.028763
-0.106125
-0.129929
-0.0811
0.062027
0.118484
0.107803
0.047989
-0.046616
-0.042953
-0.075912
-0.07164
0.008316
0.071182
0.111465
0.107803
-0.012131
-0.131454
-0.127182
-0.063705
0.059891
0.152054
0.097733
-0.06218
-0.146713
-0.097275
-0.047836
0.107498
0.105972
0.007706
-0.090256
-0.12413
-0.048447
0.098343
0.175858
0.074844
-0.089035
-0.23613
-0.130844
0.007095
0.186539
0.224075
0.041275
-0.170822
-0.268173
-0.121994
0.181656
0.340347
0.237198
-0.136642
-0.342026
-0.338974
-0.025253
0.321732
0.401688
0.160294
-0.197678
-0.421066
-0.284958
0.05867
0.406265
0.339432
0.107803
-0.294724
-0.40062
-0.208054
0.177078
0.403214
0.312271
-0.046005
-0.387497
-0.445175
-0.064316
0.31929
0.52681
0.270157
-0.213242
-0.526962
-0.407028
0.053177
0.461502
0.50087
0.133133
-0.394516
-0.530014
-0.268784
0.15419
0.51918
0.400162
-0.074081
-0.412521
-0.38353
-0.038681
0.340652
0.444717
0.108109
-0.300217
-0.379868
-0.20195
0.236588
0.459976
0.29335
-0.118637
-0.387192
-0.342026
-0.079269
0.293045
0.369339
0.161819
-0.095749
-0.316391
-0.283432
-0.015182
0.218887
0.291214
0.185013
-0.022507
-0.337753
-0.280075
0.012589
0.244522
0.325699
0.086136
-0.253525
-0.3759
-0.133286
0.205765
0.325394
0.233231
