-0.00274
-0.012505
0.006415
0.019843
-0.009759
0.001838
0.00611
0.000922
-0.00335
0.036017
-0.024713
-0.00274
-0.014947
-0.005181
0.021369
-0.01098
0.003364
0.007636
-0.007318
-0.017083
0.04029
-0.023797
0.01374
-0.010674
-0.001824
0.003364
-0.019525
6.71E-06
0.016791
0.005195
0.001533
0.022895
-0.033563
0.002448
0.009162
0.007331
0.027473
0.001838
-0.014947
0.007941
-0.003961
-0.043023
0.061347
-0.018914
0.064094
0.041511
-0.009149
0.007331
0.012824
0.001533
0.036933
0.010078
0.000617
0.025336
-0.060113
-0.090325
-0.103448
-0.122064
0.12757
0.341498
0.476691
-0.021356
-0.585015
-0.771172
-0.029595
0.928046
0.894172
0.102546
-1.254266
-1.385186
-0.157769
1.440742
1.844794
0.498359
-1.553948
-2.310174
-0.82702
1.558845
2.742927
1.271064
-1.555474
-3.012994
-1.575616
1.645515
3.700873
2.416083
-1.315301
-4.117425
-3.491204
0.362861
4.215095
4.386603
0.473945
-4.250787
-5.408929
-1.509698
4.079291
6.143806
2.427985
-3.901055
-6.843865
-3.301995
3.363959
6.946113
3.99018
-2.817986
-7.044976
-4.757073
2.084968
7.062079
5.495917
-1.453851
-7.042535
-6.03515
0.721747
6.763312
6.354377
-0.091851
-6.514276
-6.967767
-1.035455
5.741584
6.813361
1.606147
-4.564202
-5.972589
-1.743463
3.818671
5.520942
2.250373
-2.70324
-4.978631
-2.725823
1.916511
4.73725
3.116157
-1.486505
-4.40368
-2.918389
1.069953
3.735053
2.776801
-0.537713
-3.097527
-2.643731
-0.012811
2.449653
2.433173
0.258185
-1.836236
-1.967462
-0.231011
1.466376
1.658942
0.232551
-1.059258
-1.268304
-0.275262
0.735786
0.783393
-0.085137
-0.774529
-0.545648
0.249335
0.603339
0.005195
-0.709222
-0.661004
0.204474
0.957648
0.650336
-0.498956
-1.329949
-0.978082
0.468146
1.618354
1.260078
-0.325921
-1.665948
-1.532281
0.208442
1.784064
1.659858
0.050971
-1.598504
-1.692803
-0.17608
1.529243
1.79322
0.62287
-1.124261
-1.807244
-0.839227
0.85633
1.847236
1.221931
-0.450738
-1.737054
-1.350396
0.195624
1.652228
1.617133
0.058295
-1.556695
-1.833184
-0.401605
1.449897
1.955268
0.657661
-1.098626
-1.91314
-1.081231
0.597541
1.553046
1.266791
0.073859
-1.033013
-1.199334
-0.423882
0.555732
1.013495
0.627753
-0.316155
-0.938409
-0.895989
-0.054009
0.953071
1.132819
0.289924
-0.764153
-1.082757
-0.49743
0.519416
1.062324
0.662849
-0.162957
-0.928948
-0.993951
-0.220635
0.78675
1.174018
0.617072
-0.434258
-1.186822
-0.907891
0.129706
0.920417
0.983283
0.196235
-0.776666
-1.019586
-0.304254
0.659492
0.878303
0.247199
-0.734857
-0.962213
-0.195306
0.77027
1.081855
0.345466
-0.857842
-1.285699
-0.429986
0.928351
1.386115
0.557868
-0.906671
-1.535943
-0.477288
1.102912
1.598212
0.420844
-1.251519
-1.688836
-0.419305
1.401679
1.775825
0.444648
-1.348565
-1.746819
-0.354608
1.400153
1.81977
0.563361
-1.259759
-1.908563
-0.822442
0.98725
1.75965
0.871589
-0.885308
-1.736138
-0.856317
0.768439
1.610724
0.935065
-0.58532
-1.542047
-1.049493
0.361945
1.371772
1.221931
-0.1242
-1.422723
-1.463922
-0.162957
1.278693
1.687629
0.677497
-0.911248
-1.754144
-1.100762
0.376288
1.536567
1.252753
-0.188592
-1.436151
-1.376336
-0.082086
1.250007
1.477668
0.398261
-0.955804
-1.476129
-0.755914
0.729682
1.555182
0.956733
-0.545037
-1.611321
-1.307061
0.168769
1.574409
1.527411
0.130927
-1.337579
-1.648858
-0.433038
1.153571
1.654059
0.731818
-0.885919
-1.699822
-1.048272
0.70893
1.810004
1.283881
-0.371392
-1.795342
-1.563104
0.092475
1.64582
1.665961
0.208442
-1.362298
-1.751702
-0.560906
1.040351
1.68061
0.871589
-0.653375
-1.527093
-0.949395
0.356452
1.26374
1.00434
-0.028375
-1.011346
-0.984796
-0.162652
0.695502
0.888984
0.303351
-0.441277
-0.704949
-0.389398
0.16999
0.532844
0.472419
0.031135
-0.343011
-0.508721
-0.355218
0.105598
0.542914
0.56916
0.193183
-0.399468
-0.729669
-0.545342
0.142524
0.678718
0.738532
0.105598
-0.652154
-0.88836
-0.455621
0.29206
0.885932
0.80384
0.029914
-0.705255
-0.805963
-0.343316
0.440375
0.819404
0.415656
-0.356439
-0.776055
-0.48034
0.251166
0.84748
0.640571
-0.16723
-0.767205
-0.771478
-0.014337
0.798957
0.967109
0.372932
-0.522149
-1.029656
-0.79284
0.176703
1.019599
1.100776
0.423896
-0.666497
-1.236566
-0.769036
0.304267
1.174323
1.075751
0.108954
-1.146234
-1.392205
-0.467217
0.930182
1.643683
0.95124
-0.640557
-1.7221
-1.257928
0.396125
1.734016
1.563422
-0.096429
-1.65313
-1.762383
-0.330193
1.322944
1.684577
0.558784
-0.93963
-1.570733
-0.831902
0.426337
1.185004
0.821845
-0.049127
-0.804131
-0.876153
-0.27221
0.481879
0.805976
0.571906
-0.106194
-0.749505
-0.804742
-0.213922
0.525825
0.974738
0.663154
-0.276788
-1.075738
-1.00158
-0.070184
1.071784
1.395576
0.4831
-0.922234
-1.509393
-0.835259
0.672919
1.644599
1.206061
-0.255425
-1.489556
-1.43554
-0.198663
1.227424
1.534736
0.491645
-0.903008
-1.528619
-0.725396
0.669257
1.336371
0.752265
-0.484612
-1.24389
-0.903924
0.282905
1.127326
0.929572
0.021369
-0.894158
-0.95855
-0.19317
0.604865
0.797126
0.30915
-0.315545
-0.667108
-0.351556
0.149543
0.374152
0.323798
-0.00335
-0.268853
-0.228875
-0.034478
0.097663
0.115058
0.13642
-0.007012
-0.059808
-0.066522
-0.062554
0.018317
0.115363
0.140998
0.145576
0.013434
-0.15014
-0.235589
-0.056146
0.112617
0.244758
0.192878
-0.068047
-0.33233
-0.387872
-0.184319
0.237739
0.514838
0.380561
-0.129083
-0.539239
-0.605767
-0.117486
0.431525
0.612189
0.301215
-0.264886
-0.628961
-0.441583
0.186469
0.649421
0.618293
0.062568
-0.631707
-0.717156
-0.121758
0.584113
0.795295
0.293891
-0.535272
-0.917352
-0.42846
0.453803
0.936896
0.686347
-0.277093
-0.963128
-0.815118
0.046088
0.909125
1.009223
0.301215
-0.751946
-1.049493
-0.562737
0.376899
0.975959
0.754401
0.002143
-0.621026
-0.668023
-0.184319
0.313117
0.469672
0.150153
-0.165093
-0.281976
-0.138848
0.134589
0.206916
0.086371
-0.046075
-0.111993
-0.035394
0.017097
0.041205
-0.081475
-0.057366
0.027473
0.122993
0.0586
-0.153192
-0.270379
-0.111077
0.173957
0.341498
0.212409
-0.172723
-0.487969
-0.33233
0.068671
0.406196
0.391852
6.71E-06
-0.395501
-0.357049
0.012824
0.3357
0.297858
0.000312
-0.336297
-0.222161
0.051581
0.22248
0.199592
0.025336
-0.140069
-0.153497
-0.084222
-0.050652
0.097053
0.319526
0.285346
0.061652
-0.27221
-0.487969
-0.288384
0.220954
0.580756
0.417487
-0.082696
-0.615838
-0.626824
0.001533
0.564277
0.690314
0.165107
-0.530694
-0.751946
-0.285638
0.466315
0.723273
0.383613
-0.409844
-0.803826
-0.413201
0.343024
0.804145
0.556037
-0.250237
-0.824883
-0.718377
0.081489
0.729682
0.833747
0.168159
-0.664361
-0.88897
-0.362542
0.473945
0.875861
0.496528
-0.278924
-0.748284
-0.519708
0.04914
0.596015
0.552375
0.04914
-0.461114
-0.574334
-0.224297
0.385139
0.654609
0.36164
-0.256951
-0.61065
-0.530694
0.061347
0.561835
0.589606
0.117194
-0.505059
-0.711358
-0.310052
0.367438
0.703742
0.448005
-0.198358
-0.708611
-0.507806
0.082099
0.560309
0.546271
0.044562
-0.533746
-0.550836
-0.037225
0.504157
0.640571
0.264899
-0.429681
-0.678094
-0.325921
0.312507
0.701911
0.481269
-0.142205
-0.668939
-0.536187
-0.046075
0.497443
0.62287
0.169684
-0.349114
-0.534661
-0.268243
0.235602
0.47486
0.273139
-0.201714
-0.363152
-0.234368
0.099189
0.346076
0.232856
-0.06347
-0.28045
-0.251153
0.038459
0.256965
0.278022
-0.032342
-0.287164
-0.371392
-0.130609
0.21363
0.375373
0.271613
0.0055
-0.294488
-0.357659
-0.165704
0.1529
0.303351
0.314033
0.053107
-0.193475
-0.299676
-0.244134
0.002448
0.285651
0.338447
0.104072
-0.213006
-0.365594
-0.247491
0.172126
0.349128
0.272834
-0.018914
-0.34118
-0.404351
-0.042718
0.389411
0.487983
0.239265
-0.27221
-0.641778
-0.384515
0.166022
0.551459
0.515143
0.057075
-0.456841
-0.570367
-0.172723
0.26551
0.545051
0.384528
-0.140679
-0.444329
-0.391534
-0.022271
0.363776
0.459601
0.156562
-0.330804
-0.518487
-0.363763
0.174567
0.65644
0.55207
-0.026544
-0.639031
-0.768731
-0.205987
0.553596
0.897834
0.39582
-0.376885
-0.892327
-0.613702
0.207831
0.820014
0.745246
0.051887
-0.668939
-0.734246
-0.173333
0.522162
0.677802
0.282905
-0.411065
-0.704949
-0.369256
0.246589
0.638129
0.487678
-0.134881
-0.636895
-0.591424
-0.020135
0.480353
0.635688
0.182807
-0.343011
-0.563958
-0.363458
0.093696
0.476691
0.458686
0.085456
-0.273736
-0.397027
-0.231622
0.147712
0.30091
0.207526
0.010688
-0.198052
-0.298455
-0.148004
0.11811
0.276191
0.213325
-0.013726
-0.285638
-0.203851
0.014045
0.212104
0.219123
0.031135
-0.198358
-0.235589
-0.059808
0.137641
0.276801
0.228583
-0.062554
-0.203546
-0.19378
-0.059808
0.11933
0.194404
0.10926
-0.049432
-0.085443
-0.122674
-0.070794
0.070197
0.051581
0.037238
0.018317
-0.039666
-0.03753
-0.020135
0.019233
-0.034783
0.021979
-0.003655
-0.025323
-0.004266
-0.022881
0.010383
0.053718
0.033881
-0.014337
-0.097344
-0.099175
-0.077203
0.099494
0.167548
0.117194
-0.034783
-0.217889
-0.213616
0.021674
0.235297
0.291755
0.100715
-0.161126
-0.380853
-0.218804
0.043036
0.314948
0.354316
0.086982
-0.237725
-0.321649
-0.170587
0.097358
0.314948
0.268256
-0.006402
-0.185845
-0.2893
-0.149835
0.152289
0.323493
0.209968
-0.052178
-0.267022
-0.322564
-0.02929
0.304267
0.346992
0.196235
-0.196221
-0.450433
-0.31524
0.102241
0.436408
0.399482
0.056464
-0.415032
-0.478204
-0.155633
0.230109
0.483405
0.325324
-0.110162
-0.39367
-0.343316
-0.016473
0.274055
0.373542
0.028388
-0.292962
-0.331414
-0.06408
0.271918
0.373237
0.152289
-0.169366
-0.343316
-0.21148
0.051276
0.293891
0.243842
0.10163
-0.149835
-0.264276
-0.148004
0.024421
0.151374
0.233466
0.156562
-0.049127
-0.243829
-0.225518
-0.103448
0.190436
0.286567
0.094001
-0.16845
-0.288079
-0.160211
0.153205
0.32746
0.146491
