-0.053275
0.012643
0.001962
-0.00109
0.007455
-0.005363
-0.005057
0.017526
-0.006583
-0.020011
0.009286
-0.063346
0.014474
0.005929
0.016
-0.023063
0.020577
0.002267
0.003182
-0.007804
-0.026725
0.003182
-0.024894
0.008981
0.001351
0.001962
-0.000175
0.010201
0.005624
-0.003226
0.014169
0.000131
-0.025199
-0.03588
0.013558
0.017831
0.002267
0.013253
-0.025199
0.000436
-0.002311
-0.00109
0.018746
-0.003226
-0.012992
0.029122
-0.0017
-0.01757
-0.061515
-0.024894
-0.009635
0.115792
0.02485
0.004098
0.009286
0.057504
0.026986
-0.030997
-0.135978
-0.076163
0.091989
0.250985
0.228097
-0.151237
-0.466178
-0.226005
0.369698
0.769479
0.171945
-0.718253
-0.881827
-0.017264
0.980966
0.894296
0.039498
-1.210807
-1.466544
-0.196708
1.415536
2.008798
0.550668
-1.58068
-2.332938
-0.685294
1.9441
2.95942
1.03132
-2.250541
-3.728507
-1.82299
2.280709
4.671761
2.741219
-2.252677
-5.568412
-3.67205
2.098824
6.151254
4.250314
-2.008842
-6.48577
-4.951041
1.349008
6.367623
5.37153
-0.678275
-6.155265
-5.854362
0.021798
5.822885
6.01484
0.53785
-5.418571
-6.221793
-1.233085
4.766976
6.373422
2.111031
-4.206412
-6.651481
-2.885306
3.560006
6.399362
3.105905
-2.903617
-5.63433
-2.832816
2.434823
5.114572
2.879464
-1.707328
-4.353507
-2.920402
0.968759
4.051644
3.260934
-0.572074
-3.750175
-3.161796
0.323922
3.207833
2.964608
0.043771
-2.732413
-2.889579
-0.412772
2.280099
2.721688
0.677316
-1.960929
-2.649711
-0.72985
1.722238
2.326791
0.709664
-1.408561
-2.068656
-0.673087
1.212594
1.632821
0.459725
-1.196769
-1.512931
-0.255302
1.138131
1.160714
-0.122855
-1.298087
-1.071342
0.406014
1.384408
0.942208
-0.598624
-1.618827
-1.031058
0.708749
1.901071
1.284005
-0.707572
-2.266105
-1.602958
0.684335
2.391793
1.897714
-0.411552
-2.364066
-2.005179
0.19819
2.214181
2.254769
0.265634
-2.012809
-2.340568
-0.559867
1.823251
2.56788
0.979135
-1.477225
-2.473624
-1.12017
1.17109
2.437264
1.387155
-0.815299
-2.338431
-1.699088
0.427377
2.103097
1.849496
0.071847
-1.714957
-2.052787
-0.549491
1.228463
1.84736
0.847604
-0.742972
-1.562064
-0.933707
0.292184
1.118905
0.957772
-0.037711
-0.863517
-0.986198
-0.363639
0.554635
1.036508
0.621774
-0.300162
-0.925773
-0.702079
0.07795
0.775277
0.771615
0.1811
-0.561698
-0.760367
-0.387748
0.351693
0.870492
0.641
-0.135673
-0.806449
-0.759757
-0.113395
0.667245
0.84974
0.323312
-0.325187
-0.727714
-0.547965
0.053842
0.490548
0.404489
-0.053885
-0.261405
-0.229056
-0.051139
0.16462
0.084969
-0.090507
-0.152457
0.036141
0.252206
0.15455
-0.193961
-0.450309
-0.195182
0.368783
0.697152
0.299508
-0.597098
-1.001456
-0.296195
0.813119
1.237618
0.522286
-0.825675
-1.447013
-0.675223
0.795419
1.637399
1.008431
-0.507987
-1.575187
-1.24285
0.220773
1.453683
1.468942
0.081918
-1.356986
-1.641105
-0.38317
1.181161
1.698739
0.717599
-0.944083
-1.772635
-1.091483
0.46827
1.725289
1.471993
-0.019706
-1.601127
-1.789115
-0.49578
1.209237
1.904122
1.021249
-0.696586
-1.813834
-1.479972
0.09443
1.538522
1.69172
0.299813
-1.32952
-1.811393
-0.720695
0.991036
1.793038
1.045968
-0.633414
-1.667655
-1.308768
0.264718
1.552255
1.460092
0.095651
-1.331962
-1.620963
-0.454581
1.135995
1.748788
0.697152
-0.906547
-1.703971
-0.936759
0.662057
1.614205
1.130197
-0.280631
-1.446097
-1.318839
-0.038627
1.388375
1.511361
0.38099
-1.181205
-1.66796
-0.647452
0.983407
1.723458
0.933053
-0.624259
-1.703666
-1.223624
0.263497
1.514718
1.411874
0.076425
-1.291068
-1.482108
-0.365775
0.909249
1.348397
0.584237
-0.510428
-1.201041
-0.775931
0.266244
0.88514
0.730416
-0.018485
-0.67736
-0.752433
-0.19213
0.456979
0.657784
0.390145
-0.210135
-0.611747
-0.535758
-0.080436
0.422189
0.595834
0.28608
-0.163138
-0.520194
-0.442069
-0.162833
0.377633
0.574471
0.384042
-0.102103
-0.548881
-0.621818
-0.205863
0.437142
0.743539
0.399911
-0.228751
-0.728019
-0.534843
0.067269
0.585153
0.560739
0.089852
-0.441764
-0.550406
-0.14788
0.381906
0.490548
0.210092
-0.29528
-0.535758
-0.182059
0.349557
0.564706
0.321481
-0.212272
-0.632499
-0.522635
0.081918
0.656564
0.824716
0.351998
-0.541556
-0.99047
-0.633109
0.255868
0.989205
0.952889
0.058114
-1.018546
-1.194938
-0.41674
0.732247
1.393258
0.777719
-0.553153
-1.42504
-1.046622
0.305612
1.451241
1.366097
-0.085929
-1.38201
-1.414969
-0.213492
1.141183
1.410348
0.427682
-0.806449
-1.26757
-0.68743
0.332467
0.96296
0.714852
-0.027335
-0.655387
-0.70452
-0.222648
0.404489
0.693795
0.420358
-0.159781
-0.628531
-0.649283
-0.098136
0.517709
0.758492
0.39808
-0.263236
-0.807059
-0.71337
0.003793
0.767648
0.951058
0.344064
-0.668204
-1.049064
-0.525992
0.454232
1.02308
0.759408
-0.122855
-0.890067
-0.876334
-0.129264
0.691354
0.904977
0.33796
-0.533927
-0.907157
-0.359672
0.366342
0.744454
0.402047
-0.303214
-0.707572
-0.492423
0.255563
0.63215
0.467355
-0.121024
-0.576041
-0.422233
0.094125
0.408761
0.335519
-0.02642
-0.288566
-0.268729
0.015695
0.18049
0.147836
-0.078605
-0.213798
-0.095084
0.138986
0.211923
0.031564
-0.188468
-0.23516
-0.002006
0.265023
0.308663
0.044991
-0.222953
-0.305961
-0.110648
0.278756
0.433175
0.149667
-0.258353
-0.518363
-0.212272
0.275399
0.603158
0.321481
-0.276359
-0.717948
-0.53942
0.132882
0.714852
0.644662
0.093514
-0.61785
-0.82537
-0.339835
0.425546
0.826852
0.539071
-0.19152
-0.788444
-0.731681
0.018136
0.717599
0.81495
0.157296
-0.612052
-0.900748
-0.372794
0.52015
0.972115
0.587289
-0.334647
-0.974906
-0.78234
0.197885
0.94587
0.908334
0.066659
-0.774406
-0.986503
-0.310844
0.677621
1.098458
0.618722
-0.379813
-1.123527
-0.837577
0.09382
0.917489
0.96174
0.264413
-0.614799
-0.901664
-0.459769
0.245492
0.583322
0.547616
-0.007499
-0.377982
-0.438407
-0.162528
0.116708
0.271127
0.242745
0.062692
-0.07891
-0.206779
-0.258964
-0.122855
0.153024
0.29493
0.300729
-0.056022
-0.471366
-0.459159
-0.012076
0.465829
0.585458
0.173776
-0.49517
-0.754569
-0.259879
0.406625
0.781381
0.445077
-0.315116
-0.765861
-0.465873
0.239694
0.675485
0.514962
-0.112479
-0.605033
-0.520499
0.035836
0.513436
0.547006
0.136544
-0.359672
-0.533317
-0.268729
0.055367
0.417306
0.518014
0.255258
-0.260184
-0.603507
-0.481437
0.040109
0.596139
0.673959
0.13807
-0.428641
-0.778678
-0.449088
0.310494
0.834481
0.631234
-0.14849
-0.847037
-0.816825
-0.033744
0.812203
0.876901
0.201852
-0.727103
-1.057914
-0.376761
0.616891
1.052377
0.557076
-0.419181
-1.056998
-0.754569
0.238168
0.934274
0.907723
0.121591
-0.794547
-1.044181
-0.368217
0.585458
0.976083
0.532968
-0.314811
-0.824149
-0.539115
0.123422
0.640084
0.628793
0.069406
-0.481437
-0.598319
-0.19976
0.331552
0.584542
0.351998
-0.237906
-0.521415
-0.445731
-0.050223
0.452706
0.587594
0.196359
-0.405143
-0.632194
-0.338309
0.210092
0.644357
0.434091
-0.112479
-0.519584
-0.522025
-0.068229
0.438973
0.557076
0.133187
-0.419181
-0.555594
-0.171683
0.367562
0.587594
0.273568
-0.219596
-0.588248
-0.40972
0.114266
0.587289
0.523812
0.025155
-0.471061
-0.598624
-0.102714
0.377023
0.533883
0.187509
-0.212577
-0.420707
-0.254081
0.143258
0.364205
0.210702
-0.047172
-0.273917
-0.215934
0.038888
0.214364
0.169808
-0.015739
-0.118888
-0.135062
-0.022758
0.131051
0.115792
-0.020927
-0.153068
-0.114005
-0.011466
0.148446
0.156991
0.032174
-0.07891
-0.149711
-0.130485
-0.01818
0.09504
0.15577
0.107858
-0.008414
-0.07952
-0.128348
-0.093558
-0.01818
0.118234
0.188729
0.064828
-0.062736
-0.225394
-0.114615
0.055062
0.186898
0.141122
-0.020011
-0.154288
-0.188468
-0.01818
0.209176
0.209481
0.076119
-0.164054
-0.256217
-0.14849
0.13746
0.271737
0.196969
0.026376
-0.175651
-0.263541
-0.10424
0.135018
0.202767
0.18049
0.012338
-0.162223
-0.21868
-0.07952
0.137765
0.288217
0.236642
-0.128654
-0.453971
-0.294364
0.109994
0.444161
0.420663
0.005624
-0.489371
-0.561698
-0.152152
0.419137
0.637948
0.352914
-0.389884
-0.680106
-0.413993
0.21528
0.604989
0.48536
-0.073417
-0.527518
-0.484489
-0.01818
0.40632
0.535104
0.106942
-0.349906
-0.511039
-0.171989
0.24183
0.441415
0.248849
-0.176261
-0.433219
-0.312064
0.048654
0.371835
0.3639
0.103585
-0.266288
-0.34014
-0.193656
0.088937
0.3108
0.271127
0.027596
-0.219596
-0.225089
-0.091422
0.061166
0.177133
0.097482
0.015389
-0.055717
-0.110648
-0.084708
0.002267
0.117013
0.051705
0.006234
-0.041068
-0.059073
0.035531
0.025155
0.00715
-0.036796
-0.056937
-0.007194
0.011117
0.077645
-0.010245
-0.006888
-0.049308
0.047738
0.058724
-0.046256
-0.129264
-0.086539
0.036141
0.167977
0.181405
0.008981
-0.161613
-0.157645
-0.091422
0.084664
0.212533
0.140817
-0.080741
-0.188468
-0.134452
-0.031608
0.160958
0.156381
0.012032
-0.145743
-0.179618
-0.06243
0.122201
0.214364
0.091683
-0.118583
-0.262931
-0.14788
0.028207
0.219247
0.217416
0.032174
-0.185416
-0.2788
-0.111259
0.206124
0.338265
0.19056
-0.144828
-0.341361
-0.317252
0.07795
0.367562
0.366647
0.108468
-0.273917
-0.468925
-0.244315
0.167977
0.4759
0.340707
0.016
-0.403007
-0.441154
-0.142386
0.278451
0.478341
0.317513
-0.158866
-0.491508
-0.432609
0.026376
0.409982
0.516793
0.145394
-0.318473
-0.510123
-0.307792
0.177133
0.547921
0.456979
-0.027335
-0.507377
-0.518973
-0.201285
0.351388
0.570504
0.328805
-0.19213
-0.491202
-0.399955
0.048654
0.405099
0.461556
0.032784
-0.375236
-0.423148
-0.15795
0.299203
0.461556
0.269906
-0.155204
-0.450919
-0.363639
-0.026725
0.37153
0.374886
0.148751
-0.185416
-0.401176
-0.285209
0.059945
0.323007
0.37214
0.124337
-0.211661
-0.421012
-0.206168
0.142953
0.371224
0.332162
-0.026725
-0.388358
-0.398429
-0.055717
0.322396
0.371224
0.1634
