0.01339
-0.023231
-0.0037
0.011254
0.026512
-0.014381
-0.002479
-0.007972
-0.018348
0.017052
-0.014991
-0.002784
0.000878
-0.00431
0.019799
0.018578
-0.041542
0.002709
0.00454
-0.023536
0.004845
-0.015907
0.006676
0.026207
-0.004005
-0.011635
-0.010109
-0.025673
0.006371
0.047875
-0.042457
-0.007667
0.001793
-0.009193
0.012169
0.013695
-0.0037
-0.025673
0.018578
-0.057411
0.010338
-0.018959
0.010338
0.004235
-0.00309
-0.042457
-0.000343
-0.001869
-0.007362
-0.070533
-0.005531
0.086632
0.07351
-0.005836
0.075035
0.007592
-0.066261
-0.092811
-0.058326
0.125084
0.23983
0.294152
-0.079078
-0.485878
-0.504188
0.08236
0.783959
0.815087
-0.208168
-1.138649
-1.054725
0.25692
1.446801
1.231652
-0.163307
-1.658058
-1.705055
-0.026283
1.90548
2.2015
0.323754
-2.033119
-2.454261
-0.432167
2.425804
3.172264
0.895348
-2.620277
-4.110756
-1.824379
2.54818
4.988365
2.889366
-2.287635
-5.832863
-3.978615
1.982079
6.282616
4.6661
-1.677589
-6.705055
-5.457496
1.034203
6.54934
5.821801
-0.447731
-6.483192
-6.425819
-0.22129
6.169701
6.736718
0.897179
-5.720558
-6.857948
-1.640358
4.981652
6.922264
2.392845
-4.372902
-6.986122
-3.193702
3.515587
6.677819
3.435631
-2.695961
-5.789833
-3.199806
2.173424
5.303612
3.300133
-1.389198
-4.492836
-3.389015
0.680199
4.115258
3.664818
-0.234718
-3.732338
-3.51078
0.007897
3.201256
3.187523
0.3442
-2.611732
-3.022499
-0.695533
1.967125
2.686425
0.859337
-1.631508
-2.471656
-0.792885
1.418114
2.117272
0.71682
-1.22776
-1.756935
-0.546608
1.000939
1.330223
0.368004
-1.044044
-1.203041
-0.139198
0.991173
0.913353
-0.271644
-1.236
-0.813942
0.515099
1.292076
0.69973
-0.781593
-1.574135
-0.762367
0.873986
1.843834
1.105919
-0.881691
-2.144813
-1.327247
0.840111
2.253685
1.633263
-0.552406
-2.138405
-1.6959
0.346031
2.090416
1.969261
0.110131
-1.868324
-2.109718
-0.455055
1.759301
2.332726
0.851097
-1.438636
-2.32151
-1.032753
1.20205
2.320519
1.276512
-0.858802
-2.315406
-1.549415
0.478478
2.040367
1.709252
-0.018959
-1.729164
-1.884803
-0.442848
1.189232
1.730919
0.762291
-0.677528
-1.452675
-0.920448
0.228844
1.051903
0.936241
0.042992
-0.817909
-1.024208
-0.420875
0.527306
1.139489
0.731774
-0.2985
-0.998268
-0.804786
0.083275
0.876427
0.891075
0.216942
-0.608253
-0.893287
-0.525856
0.369225
0.956688
0.844994
-0.007972
-0.858192
-0.974159
-0.298805
0.577355
0.927391
0.496788
-0.278053
-0.836525
-0.661354
0.058556
0.53463
0.43972
-0.105323
-0.468177
-0.274696
0.176354
0.502892
0.296593
-0.30735
-0.620155
-0.234108
0.414696
0.600548
0.151635
-0.520057
-0.67295
-0.006752
0.816002
0.737267
-0.127906
-1.072731
-0.892372
0.245934
1.329918
1.137047
-0.201759
-1.412391
-1.257057
0.195275
1.538964
1.380883
0.049095
-1.346473
-1.498451
-0.305519
1.198082
1.558495
0.463219
-1.072731
-1.648903
-0.702552
0.937462
1.625328
0.871544
-0.674781
-1.579628
-1.230812
0.209923
1.477013
1.489525
0.216027
-1.311073
-1.779823
-0.715675
1.008263
1.893273
1.169091
-0.453834
-1.745033
-1.605262
-0.072975
1.447411
1.681176
0.382653
-1.203041
-1.793861
-0.800514
0.904503
1.701317
1.067772
-0.506324
-1.66172
-1.34983
0.195275
1.552391
1.477623
0.163231
-1.362037
-1.741066
-0.52494
1.141625
1.817284
0.899315
-0.856666
-1.798134
-1.1063
0.600548
1.661034
1.319237
-0.22129
-1.512184
-1.442909
-0.080299
1.410485
1.649437
0.411034
-1.250038
-1.744423
-0.669288
1.013146
1.816063
0.971337
-0.674476
-1.729164
-1.211586
0.266381
1.520043
1.403771
0.119896
-1.285133
-1.409645
-0.299415
0.870018
1.291771
0.567589
-0.568275
-1.135597
-0.650978
0.263939
0.828514
0.714379
-0.039711
-0.654945
-0.687904
-0.206031
0.382042
0.666161
0.381737
-0.153236
-0.545692
-0.51609
-0.171241
0.409203
0.601769
0.397911
-0.09983
-0.551796
-0.611915
-0.207252
0.393029
0.664635
0.434227
-0.10868
-0.665016
-0.653724
-0.184364
0.488854
0.796776
0.459557
-0.292701
-0.770607
-0.580482
0.081444
0.614281
0.634728
0.054589
-0.544166
-0.556678
-0.121498
0.450707
0.644188
0.209618
-0.439491
-0.662269
-0.241432
0.396385
0.774803
0.490074
-0.279884
-0.776405
-0.734901
-0.128517
0.671044
1.046105
0.582848
-0.340309
-1.01139
-0.896949
0.003319
0.987511
1.091881
0.301781
-0.838966
-1.348304
-0.688514
0.637169
1.482811
1.024132
-0.359535
-1.536293
-1.377906
0.149803
1.50692
1.55941
0.231591
-1.336097
-1.708412
-0.53318
1.025963
1.537438
0.704308
-0.614357
-1.381263
-0.843544
0.259056
0.931053
0.784874
0.086022
-0.590553
-0.740089
-0.309791
0.283165
0.641442
0.575524
-0.001259
-0.549354
-0.696144
-0.32505
0.336876
0.844994
0.69851
-0.05558
-0.857277
-0.976906
-0.29087
0.810204
1.216088
0.568505
-0.592079
-1.267128
-0.8292
0.324364
1.200829
1.040917
0.024987
-0.954628
-1.180763
-0.324135
0.723534
1.128502
0.558739
-0.469703
-1.08097
-0.644569
0.322838
0.92434
0.626183
-0.173378
-0.882301
-0.69767
0.120812
0.723229
0.685692
0.059777
-0.579872
-0.6641
-0.120582
0.399437
0.463829
0.215111
-0.224342
-0.36869
-0.136757
0.133934
0.127526
0.024681
-0.086708
-0.083046
0.05703
0.161095
-0.019874
-0.119362
-0.12516
-0.001259
0.184899
0.209313
0.014916
-0.182228
-0.153541
-0.002174
0.255699
0.366783
0.04757
-0.277137
-0.366249
-0.155983
0.219994
0.497704
0.309105
-0.260353
-0.625343
-0.504799
0.029259
0.627098
0.659447
0.119591
-0.520668
-0.783729
-0.404701
0.310936
0.786095
0.53524
-0.130043
-0.692787
-0.730934
-0.033912
0.666466
0.801354
0.233727
-0.531044
-0.877723
-0.39402
0.513573
0.945092
0.615502
-0.259132
-0.965919
-0.802345
0.124169
0.932579
0.946312
0.126915
-0.790748
-1.057472
-0.349159
0.648766
1.096459
0.695153
-0.390968
-1.083107
-0.881996
0.018578
0.865441
0.975914
0.353051
-0.54203
-0.801429
-0.471229
0.13424
0.539208
0.449486
0.006066
-0.31559
-0.34153
-0.116005
0.128441
0.229454
0.107079
0.003014
-0.040016
-0.157814
-0.173683
-0.088234
0.089684
0.280724
0.273705
-0.026893
-0.434608
-0.436134
-0.138588
0.363427
0.624962
0.271263
-0.361061
-0.690956
-0.42942
0.211144
0.674706
0.520592
-0.171547
-0.592384
-0.479774
0.051842
0.584374
0.492211
-0.059547
-0.502357
-0.460853
-0.000343
0.424462
0.501061
0.106469
-0.240516
-0.369911
-0.286598
-0.000343
0.279198
0.403099
0.312767
-0.039711
-0.453224
-0.571937
-0.170631
0.348168
0.640221
0.445214
-0.248451
-0.752296
-0.590553
0.09182
0.715294
0.750084
0.10006
-0.748634
-0.844764
-0.214882
0.599633
0.935326
0.363427
-0.592689
-0.983314
-0.485878
0.436669
0.980187
0.694542
-0.262794
-0.948829
-0.7938
-0.040931
0.824852
0.977135
0.278282
-0.657692
-1.006813
-0.500221
0.376854
0.948143
0.62191
-0.187416
-0.699501
-0.626259
-0.034523
0.581017
0.628624
0.137596
-0.414467
-0.568275
-0.306434
0.285912
0.630455
0.396691
-0.091285
-0.539894
-0.566749
-0.134315
0.4385
0.629235
0.297814
-0.300026
-0.685768
-0.44712
0.172386
0.584984
0.546227
0.018273
-0.55027
-0.603676
-0.12455
0.44796
0.564843
0.223961
-0.401649
-0.650062
-0.209999
0.346337
0.626488
0.378685
-0.202064
-0.633583
-0.470924
0.123253
0.574303
0.570031
0.105553
-0.498695
-0.570717
-0.177955
0.320702
0.544396
0.29171
-0.186805
-0.445289
-0.24601
0.118676
0.36007
0.296288
-0.070533
-0.282325
-0.224952
0.020104
0.211754
0.227318
0.015831
-0.239906
-0.166664
0.000878
0.147667
0.151635
-0.016517
-0.190773
-0.202369
-0.067482
0.106774
0.223656
0.219994
-0.044594
-0.172767
-0.218849
-0.104103
0.054283
0.187035
0.17788
0.071068
-0.056801
-0.172767
-0.214576
-0.007362
0.143395
0.198326
0.1083
-0.106239
-0.23838
-0.15934
0.066796
0.228234
0.22152
0.006676
-0.316505
-0.297889
-0.080604
0.267296
0.354576
0.216027
-0.139503
-0.388832
-0.310096
0.02224
0.346947
0.433312
0.097008
-0.23014
-0.354957
-0.245094
0.07351
0.284081
0.297509
0.048485
-0.20359
-0.297584
-0.143165
0.201073
0.355187
0.245629
-0.130043
-0.407142
-0.405311
0.006676
0.477867
0.56881
0.125695
-0.465126
-0.724525
-0.300331
0.389366
0.728417
0.436974
-0.23777
-0.732155
-0.594825
0.081444
0.659447
0.629235
0.042992
-0.513038
-0.617408
-0.157509
0.424767
0.549279
0.224572
-0.277137
-0.556984
-0.334205
0.193138
0.535851
0.326805
-0.08274
-0.449257
-0.475502
-0.037574
0.335656
0.429344
0.21389
-0.184974
-0.438881
-0.378761
0.067101
0.302697
0.350609
0.139122
-0.154457
-0.276832
-0.166053
0.01278
0.163842
0.188256
0.047875
-0.088539
-0.126075
-0.112953
-0.000648
0.121117
0.147972
0.009117
-0.101051
-0.109291
-0.027504
0.10891
0.101281
0.002098
-0.097389
-0.106849
-0.028724
0.026512
0.094567
0.083885
0.024987
-0.007972
-0.052833
-0.025673
-0.06443
-0.021705
0.051537
0.107079
0.125084
-0.02079
-0.121193
-0.152931
-0.071754
0.077782
0.125084
0.099449
-0.04795
-0.124244
-0.094642
-0.016823
0.133019
0.102196
-0.017433
-0.093116
-0.124855
-0.025673
0.121727
0.165367
0.07351
-0.050087
-0.204506
-0.179176
0.037194
0.224572
0.210533
0.050927
-0.16819
-0.329323
-0.097999
0.185814
0.345116
0.206261
-0.101356
-0.380592
-0.326881
0.024376
0.327111
0.377159
0.132714
-0.193824
-0.438881
-0.270729
0.079613
0.376854
0.380211
0.069542
-0.312538
-0.399818
-0.176429
0.20504
0.40371
0.329247
-0.097694
-0.378456
-0.410499
-0.087623
0.372277
0.523033
0.233422
-0.236854
-0.53379
-0.402565
0.04879
0.518456
0.490074
0.090905
-0.381813
-0.562172
-0.286598
0.256615
0.518761
0.36953
-0.083046
-0.416908
-0.422096
-0.012855
0.340538
0.418053
0.119896
-0.3162
-0.451393
-0.163002
0.263939
0.44735
0.290184
-0.100746
-0.442238
-0.327186
-0.02903
0.280724
0.381127
0.202294
-0.161171
-0.344886
-0.289039
-0.001869
0.206566
0.345421
0.18795
-0.129738
-0.322914
-0.286293
0.011864
0.301476
0.33474
0.046654
-0.308571
-0.373573
-0.164833
0.225792
0.390282
0.196495
