0.001792
0.002708
0.001182
0.004539
0.012473
-0.014687
-0.008584
-0.02903
0.019492
-0.02018
-0.000954
-0.039406
0.005149
0.007896
-0.007363
-0.003091
0.023155
0.012168
0.004234
0.030784
-0.019265
0.013389
0.003013
0.000266
0.001487
-0.002785
0.003013
0.020103
0.01583
-0.015603
-0.009804
0.000877
-0.029946
-0.018349
-0.013466
0.004234
0.037193
0.010032
-0.035439
-0.003701
-0.007363
-0.089455
-0.047036
-0.025979
0.139732
0.040855
0.008506
0.071372
0.022544
0.000572
-0.005837
-0.002175
-0.005227
-0.023842
-0.033303
-0.133095
-0.094338
-0.058633
0.169029
0.445518
0.402183
-0.136758
-0.738869
-0.819131
0.066184
1.195945
1.22158
-0.102578
-1.484719
-1.430703
0.013999
1.720847
1.975669
0.309715
-1.792031
-2.425576
-0.698281
1.932639
2.854881
1.124534
-1.882058
-3.221779
-1.406594
2.001914
3.868369
2.264366
-1.504555
-4.298745
-3.345376
0.604514
4.231834
4.201927
0.266685
-4.177895
-5.10624
-1.456643
3.776206
5.835533
2.400169
-3.531533
-6.392251
-3.389016
2.980003
6.687583
4.094505
-2.426186
-6.764565
-4.86393
1.666221
6.722984
5.432395
-0.987588
-6.541482
-5.875893
0.410117
6.221885
6.117515
0.236167
-5.987282
-6.854592
-1.386758
5.097312
6.670493
2.095909
-3.95176
-5.873757
-2.31144
3.15731
5.445518
2.759666
-2.21653
-4.789467
-3.074685
1.407432
4.496726
3.294639
-1.043435
-4.090615
-3.060647
0.612449
3.398704
2.890281
-0.118447
-2.756997
-2.695656
-0.370827
2.078513
2.387657
0.620078
-1.351967
-1.771279
-0.486489
1.066856
1.405601
0.449485
-0.598488
-0.906106
-0.409585
0.262718
0.443076
0.030174
-0.32322
-0.205117
0.117149
0.135154
-0.333596
-0.68821
-0.302468
0.53646
0.962486
0.325889
-0.858193
-1.390114
-0.688515
0.771751
1.696739
0.987205
-0.689431
-1.767007
-1.209756
0.588035
1.871604
1.371116
-0.337868
-1.701394
-1.483193
0.218162
1.620139
1.518211
0.166282
-1.268654
-1.593667
-0.480691
1.049766
1.661338
0.856284
-0.711404
-1.542397
-1.002236
0.486717
1.55117
1.314353
-0.188027
-1.545144
-1.502419
-0.089455
1.448936
1.688499
0.44033
-1.171609
-1.718178
-0.833474
0.601463
1.441306
1.088218
0.02407
-0.863381
-1.040383
-0.404702
0.480003
0.888023
0.628623
-0.200539
-0.891762
-0.84507
-0.036049
0.858421
1.08242
0.343284
-0.685769
-1.119729
-0.456887
0.5093
1.064414
0.71041
-0.198708
-0.961342
-0.994301
-0.256386
0.743369
1.166038
0.652732
-0.473977
-1.172829
-1.002541
0.03231
0.956992
1.052207
0.193138
-0.811501
-1.087075
-0.334206
0.755576
1.045799
0.216331
-0.858193
-1.119118
-0.271035
0.938072
1.359519
0.488242
-0.963479
-1.559792
-0.603371
0.941429
1.744346
0.876121
-0.957375
-1.857644
-0.865822
1.057395
2.019615
0.931968
-1.135598
-2.184182
-1.025429
1.102561
2.174339
1.133384
-1.032143
-2.043801
-0.986062
1.019859
2.01229
1.123618
-0.798684
-1.992837
-1.280251
0.477561
1.75045
1.309471
-0.328408
-1.622658
-1.293679
0.174827
1.356468
1.22097
0.006675
-1.215859
-1.2006
-0.115395
1.049766
1.230125
0.224876
-1.094704
-1.427041
-0.345498
1.067771
1.548118
0.771446
-0.700417
-1.611977
-1.06083
0.25875
1.281394
1.145286
-0.05375
-1.225014
-1.243325
-0.076028
0.989036
1.224632
0.366783
-0.875588
-1.305276
-0.597268
0.633201
1.330528
0.863304
-0.465432
-1.4777
-1.10508
0.192832
1.397056
1.457786
0.159263
-1.264687
-1.531411
-0.429726
1.036033
1.574363
0.712852
-0.887185
-1.660195
-0.985451
0.682945
1.754112
1.275901
-0.408974
-1.75541
-1.484719
0.091819
1.605186
1.662864
0.176048
-1.369973
-1.647072
-0.55851
1.004295
1.612815
0.818748
-0.618325
-1.424294
-0.909768
0.281028
1.289329
0.985984
-0.048867
-0.981789
-0.949746
-0.161782
0.682639
0.841941
0.274619
-0.400429
-0.647011
-0.394631
0.191001
0.555686
0.403709
0.017051
-0.361977
-0.450173
-0.303078
0.096702
0.490989
0.568809
0.247764
-0.409585
-0.746499
-0.57499
0.156822
0.740623
0.757408
0.097617
-0.69584
-0.938759
-0.489541
0.341148
0.89199
0.816001
0.028037
-0.745278
-0.822793
-0.316811
0.43209
0.834312
0.451927
-0.372964
-0.876809
-0.476113
0.288658
0.873069
0.721702
-0.167885
-0.891457
-0.834695
-0.018044
0.851707
1.059532
0.426597
-0.569192
-1.11393
-0.866128
0.121726
0.995139
1.198997
0.524558
-0.575905
-1.265298
-0.890542
0.225181
1.174888
1.2051
0.216331
-1.039773
-1.514321
-0.629006
0.824851
1.663474
1.155967
-0.429116
-1.718484
-1.430703
0.098838
1.665305
1.705894
0.289268
-1.446267
-1.830178
-0.608254
1.06594
1.72512
0.846824
-0.791665
-1.570473
-1.072426
0.244407
1.151084
1.022605
0.113487
-0.761452
-0.967446
-0.493813
0.303001
0.881614
0.762596
0.085105
-0.702248
-0.930825
-0.443764
0.473594
1.038474
0.802268
-0.144082
-1.080056
-1.161843
-0.218239
1.059226
1.461753
0.636863
-0.811196
-1.613808
-0.990639
0.530357
1.625938
1.418418
0.005454
-1.437112
-1.711465
-0.42759
1.180992
1.696433
0.793723
-0.835915
-1.65989
-0.94761
0.52761
1.418418
0.966453
-0.283547
-1.361123
-1.111184
0.056724
1.157188
1.195945
0.234031
-0.911599
-1.169167
-0.40989
0.584373
0.971336
0.551414
-0.319253
-0.755654
-0.554238
0.04055
0.474815
0.484275
0.108299
-0.302163
-0.371743
-0.136147
0.106773
0.31948
0.309409
-0.007363
-0.19352
-0.227395
-0.118447
0.105247
0.274925
0.240135
0.028037
-0.125771
-0.250588
-0.160256
0.104331
0.185813
0.139427
0.05001
-0.139504
-0.312844
-0.285988
-0.066872
0.18856
0.405845
0.270957
-0.121499
-0.446816
-0.449258
-0.116616
0.359763
0.56179
0.277061
-0.20115
-0.48893
-0.406838
0.088462
0.526695
0.525474
0.078697
-0.42698
-0.602151
-0.189858
0.463218
0.690269
0.274314
-0.407754
-0.77427
-0.468178
0.418662
0.857505
0.5801
-0.219765
-0.864297
-0.794411
0.01461
0.852622
0.943565
0.287132
-0.61802
-1.011696
-0.546303
0.327415
0.84774
0.723533
0.095786
-0.530129
-0.60154
-0.199319
0.256614
0.3442
0.176048
-0.164834
-0.227395
-0.049782
0.151328
0.178489
0.045432
-0.10685
-0.109902
0.034446
0.13729
0.051231
-0.059853
-0.158425
-0.062905
0.149803
0.200157
-0.003701
-0.212136
-0.264321
-0.051919
0.189475
0.313377
0.015525
-0.292397
-0.390664
-0.155068
0.224571
0.390586
0.154075
-0.215188
-0.330544
-0.111428
0.152549
0.303916
0.102195
-0.109292
-0.146828
-0.058327
0.031394
0.083579
0.053062
0.042381
-0.013161
-0.035134
-0.180092
-0.077859
0.144004
0.34542
0.264549
-0.109902
-0.493508
-0.450478
0.004539
0.546836
0.559654
0.107993
-0.516701
-0.681191
-0.241433
0.415
0.728111
0.398216
-0.29667
-0.724221
-0.516091
0.180625
0.620994
0.511436
-0.131264
-0.628091
-0.537453
0.071067
0.617637
0.63198
0.022849
-0.604897
-0.753213
-0.133706
0.551414
0.811118
0.333518
-0.462685
-0.82737
-0.47886
0.25875
0.755576
0.558738
-0.034524
-0.621682
-0.574074
-0.064431
0.457725
0.57003
0.15438
-0.38395
-0.554238
-0.2808
0.269126
0.544395
0.410423
-0.180092
-0.56614
-0.512429
-0.04551
0.481834
0.592002
0.149497
-0.431557
-0.661355
-0.324441
0.269737
0.713462
0.478782
-0.153847
-0.636941
-0.564309
0.013999
0.572776
0.57125
0.080528
-0.505105
-0.536843
-0.144997
0.479087
0.607261
0.237693
-0.344582
-0.640603
-0.354043
0.291099
0.676536
0.47451
-0.140114
-0.581093
-0.60917
-0.063515
0.491599
0.616416
0.251121
-0.316201
-0.596657
-0.313454
0.204124
0.504722
0.279197
-0.100136
-0.413857
-0.265847
0.089683
0.342979
0.274009
-0.025063
-0.314675
-0.277138
-0.009194
0.307578
0.277366
0.052146
-0.329018
-0.427285
-0.201455
0.177574
0.432395
0.38906
0.04177
-0.335427
-0.456887
-0.200234
0.099449
0.393333
0.366477
0.105247
-0.21
-0.383034
-0.304909
0.028648
0.33657
0.409202
0.094871
-0.225564
-0.464516
-0.277444
0.137596
0.423545
0.389366
0.012779
-0.415688
-0.494729
-0.159035
0.404014
0.577659
0.354881
-0.234719
-0.645791
-0.498086
0.094871
0.599021
0.634117
0.106468
-0.507241
-0.720559
-0.266457
0.291404
0.623435
0.435447
-0.122719
-0.53135
-0.485268
-0.065041
0.408897
0.563621
0.267906
-0.304299
-0.576516
-0.431557
0.120811
0.653648
0.647544
0.073814
-0.607033
-0.827981
-0.317116
0.479698
0.963096
0.517539
-0.310403
-0.894204
-0.742837
0.071983
0.821189
0.852317
0.183067
-0.599709
-0.815468
-0.353737
0.437278
0.748252
0.407371
-0.242654
-0.73063
-0.533791
0.132713
0.643272
0.582237
-0.000344
-0.563088
-0.717812
-0.155984
0.467491
0.680808
0.339927
-0.267983
-0.659829
-0.480996
0.053672
0.490379
0.510826
0.221824
-0.279275
-0.468789
-0.276223
0.059471
0.346336
0.333824
0.044517
-0.25364
-0.341836
-0.187112
0.074729
0.357017
0.264854
0.02407
-0.27958
-0.308266
-0.068398
0.259666
0.312156
0.066184
-0.206643
-0.328103
-0.143471
0.18093
0.333213
0.252647
-0.025979
-0.260659
-0.30552
-0.063515
0.216331
0.272178
0.135154
-0.059853
-0.195656
-0.171853
-0.005227
0.097007
0.119895
0.067405
-0.059548
-0.116311
-0.03727
0.053062
0.016136
0.001182
-0.060464
-0.061379
0.013999
0.033225
0.017661
0.034141
0.014305
-0.02842
-0.077248
0.017356
-0.074502
-0.01896
0.082969
0.111045
0.081748
-0.038186
-0.200234
-0.189553
0.021934
0.212669
0.24929
0.137901
-0.156594
-0.335732
-0.252419
0.013084
0.267295
0.33718
0.12722
-0.163613
-0.282937
-0.21
0.01461
0.235862
0.25814
0.099449
-0.135842
-0.240517
-0.177651
0.056724
0.252036
0.219077
0.071983
-0.217629
-0.305215
-0.138589
0.169639
0.393028
0.255393
-0.069924
-0.364113
-0.349465
-0.009499
0.271263
0.398521
0.114707
-0.254555
-0.413552
-0.269204
0.140037
0.402183
0.3442
0.003623
-0.326882
-0.325051
-0.07206
0.218162
0.329551
0.123557
-0.172463
-0.327798
-0.116616
0.162315
0.299949
0.189781
-0.085793
-0.314065
-0.180092
0.017661
0.15377
0.227622
0.098838
-0.085793
-0.166054
-0.129738
-0.052224
0.073509
0.227928
0.156822
0.065269
-0.147133
-0.269204
-0.17582
0.093955
0.251426
0.199851
-0.032082
-0.251809
-0.286294
0.042686
0.208091
0.215415
