 -0.872673 -0.671906 -0.374845  0.050928 -0.454053 -0.761889  0.478686
 -0.695693 -0.491760 -0.451907 -0.207091 -0.064232  0.272062 -0.546439
  1.470281
 -1.131485 -0.971162 -0.177434  0.182692 -0.404011  0.185224  0.383186
  0.407450 -0.315857 -0.155297 -0.106014 -0.259837 -0.115877 -0.477273
  1.636240
 -1.011448 -0.981690  0.188618  0.391767 -0.502305  0.865971  0.010034
 -0.572979 -0.602513 -0.120527  0.395382  0.554703 -0.444481 -0.376417
  1.237024
 -1.216846 -0.771364 -0.566717  0.163373 -0.357777 -0.636803  0.287009
 -0.365141 -0.247332 -0.271657  0.057502 -0.055147  0.159929 -0.574301
  1.359491
 -1.782186 -0.182427 -2.421613 -0.790820 -0.422170 -2.739023  0.003471
  2.587887 -0.531341  2.016619 -0.317551 -0.929091  0.460699  0.502568
 -1.028835
 -0.793551 -0.886138 -0.526533 -0.060195 -0.226542 -0.136912  0.178099
 -0.011672 -0.355344 -0.328084 -0.072498 -0.197831  0.256831 -0.546595
  1.644526
 -1.826714  3.719625  1.117074  1.076430 -1.259892 -0.742153 -0.351973
 -1.206432 -2.792103  0.297992  0.909447  0.303065 -0.530417 -0.323018
  1.081441
 -0.429008 -0.270014 -0.535632 -0.386514 -0.335779 -0.015335 -0.057266
 -0.642335 -1.306646  0.241246 -0.359093 -1.021523  0.412034 -0.397469
  1.111215
 -1.175574 -0.899124 -0.213368  0.078703 -0.480904 -1.005904  0.547480
 -0.768254 -0.509542 -0.359587  0.297341 -0.248039  0.302605 -0.446457
  1.465408
 -0.683751 -0.535388 -0.368370 -0.562392 -0.486972  0.889673 -0.070430
 -1.385916 -0.321871 -0.611142 -0.939156 -0.335896  0.807125 -0.704771
  0.056492
  1.366180 -3.202141  1.204681 -0.116825 -1.202637 -1.021231  0.250001
 -0.686222 -1.843289  1.865616 -0.259828  0.157773  2.498634 -1.024793
 -1.129580
  2.014143 -1.115342 -0.503278 -1.065396 -0.572975 -2.628580  2.641598
  0.487011 -1.503907 -0.962248 -0.123132 -2.653376  0.479914 -0.083574
 -1.237824
  1.568875 -3.386063 -0.585229  0.933598  0.553331 -3.277018  0.656284
 -0.450230  0.418878 -2.598491 -0.854381 -0.100413  0.926854 -0.482369
 -1.836087
  1.346389  0.156688 -2.007569  2.535053  0.430387 -0.258612  1.347864
 -2.458002  1.498441 -0.158366  1.060197  1.298677  4.214523  1.088884
  0.320826
 -0.720079 -1.376352  0.771318  0.517265 -0.631953 -0.317445  0.585968
 -0.479555 -0.000097  0.432228  1.126110  1.485323  0.237625 -0.081981
  0.524285
  0.252092 -0.265931 -0.769665 -0.498597 -0.141789  1.571116  0.613344
  0.115333 -0.926746 -0.115998  0.036206 -0.649225  0.289114 -0.552766
  0.867357
 -2.087955  0.262834 -0.125331 -0.183217 -0.502440 -2.445986  1.664251
 -2.194043 -2.120058 -0.102557  0.541459  0.300538  1.040145  0.145251
 -0.478925
  1.149660 -1.954148 -3.725621  1.944928 -0.438044  0.986840  1.167132
 -1.327675 -0.417339 -1.634986  0.577522 -1.520408 -0.003401 -0.209251
 -1.624208
 -2.294079 -1.936295  0.818081  3.837628  0.613327  0.375343  0.693088
 -0.629850 -1.279856 -2.522966 -0.271775  0.298179  0.470536 -0.102128
 -0.624969
  0.397273  0.866083  0.661910  5.021880  0.833872  1.908578  0.928843
  1.210310 -1.234342 -1.581312 -0.266837  0.378428  1.627154  2.841535
  0.976678

  0.914056  0.797510  0.734381  0.882615  1.500585  1.053507 -1.170854
  0.681643  0.837082  0.369762 -0.883098  1.431261  2.497454  0.574502
  0.555673 -1.181533  0.559839 -0.490082 -0.648402  1.560392  0.012720

  0.872532  0.963449  0.785919  0.793794  0.351145  0.941449 -0.381348
  0.968537  0.668885  0.368332  4.009763 -0.438212 -1.177487  1.288944
  0.530657  1.702208 -0.925997 -0.049642 -0.298513  0.936047  0.029502

  0.880938  1.018197  1.175364  0.721422  0.596419  1.065392  0.673560
  1.134384  1.057611 -1.590102  3.477565  0.808846  0.308350  1.692866
  1.323084  0.500418  1.872472  2.538657 -0.199088 -1.730294  0.067201

  0.611066  0.635873  0.589423  0.595164  0.042216  0.686812  2.600146
  1.297617  0.637191  0.066979  0.190293 -1.403005 -1.036298  1.149058
  0.464064  0.248907 -2.434736  0.222040 -1.296979  0.127837  0.009574

  0.776215  0.995032  0.945426  0.690848 -0.051157  0.964831 -0.655073
  0.284653  0.904252  0.293720 -0.189957 -0.535183 -0.442787 -2.107235
  0.637884  3.119299 -0.165833  1.317325 -0.766356  1.547908 -0.069449

  0.943636  1.105860  0.720768  0.907469  0.274176  1.303107 -0.465121
  0.880779  0.829803  0.635610 -0.305552  3.083972  0.473293 -3.396444
  0.781227 -0.018963 -0.138363  1.979715 -0.908838  0.358608  0.015125

  0.802271  0.878075  0.676720  0.864977  0.411827  0.905718 -0.048885
  0.218585  0.989101  0.202435  0.152542 -0.866363  2.793384  1.577276
  0.835494  0.503746 -1.063421  1.436765 -0.833643 -2.076836  0.018638

  0.819677  1.586861  0.766417  0.759050  0.941077  0.987723 -1.160782
  0.321559  0.727699  0.744254 -1.790038  1.392594 -0.474716  1.532583
  0.680173  0.840855 -0.945991  1.829925 -0.891457  0.224824 -0.095776

  0.641507  0.559582  0.708682  0.765496  1.701776  0.438962 -0.578123
  0.792753  0.379834  0.695792 -3.317123 -0.274730  0.277853  0.525521
  0.587353  0.708632  2.736275  3.421388 -0.144041 -1.818047 -0.060295

  0.482055  0.311314  0.201853  0.766651  1.844982  0.324214  0.692098
  1.404317  0.239439  0.713391  1.835051  1.871538  1.239820 -0.525665
 -0.486276  0.277565  2.170669  0.029828  1.279889 -1.456940  0.017026

  0.278698  0.860568  0.792588  0.389479  0.422924  0.699256  0.977146
  0.354212  0.148099  0.526888  0.449671 -0.359944 -1.752732 -1.554250
  0.616334  0.569293 -0.907035  1.568220  2.707578  0.704522  0.069042

  0.443365  0.391624  1.155802  0.390256 -0.316084  0.460945 -1.332084
  0.819320  0.306648  1.872196 -2.156736 -1.885814 -1.781526 -0.000657
  0.320322  0.252850 -0.685123  2.056731  1.096297 -0.529648  0.021928

  0.912931  0.881892  0.886169  0.885166  0.413783  0.885741  2.202892
  0.892322  0.616973  0.944319 -1.232077 -0.270341 -0.707833 -0.431918
  0.589048 -0.396168  1.079395 -2.073548  1.592994  2.410947  0.042785

  0.537393  0.568229  0.599328  0.574601  0.431366  0.442876  1.485838
  0.645782  0.241763  0.499787 -1.768026  0.227774 -1.183744 -1.330929
  0.424548  0.107766  0.346609 -1.265122 -1.129898 -2.004111  0.090280

  1.168511  1.226009  1.004856  0.915763 -1.111526  1.439366  2.993495
  1.111178  0.970277 -1.349880  2.099427  0.691990 -1.829241  1.878939
  0.363862 -1.057799 -0.127217  0.389492  0.008302 -0.017292 -0.034869

  0.650279  0.979113  0.575269  0.653826  2.451408  0.857636 -0.785671
  1.293926  0.574993  0.586151  1.707280  1.007564 -2.704069 -0.043342
  0.537686 -0.039993 -0.177916  2.133684 -0.946022 -0.334125  0.031808

  0.697399  1.017633  0.660008  0.805782  0.771937  0.813397 -0.955073
  0.228345  0.669602  0.424826 -1.377530 -0.840693 -0.369848  2.286722
  0.273073 -0.064330 -1.267830 -2.674034  0.158812 -0.417485 -0.099975

  0.572406  0.979862  0.625225  0.678342  0.744826  0.909954  0.270210
  0.798333  0.433170  0.794474  0.699578  0.033254 -1.250872 -2.360867
  0.424917 -0.286610 -0.600220 -2.295588 -0.848702  1.090553  0.064752

  0.515036  0.313258  0.362862  0.270885  0.129109  0.498180 -0.806186
  0.619736  0.634511  0.829089  2.700073  0.654246  1.185930 -0.312616
  0.623840 -0.313922 -0.406363 -1.654245 -0.056053 -2.577779  0.016133

  0.691495  0.789656  0.594593  0.584953  1.134026  0.660303 -1.789438
  0.677561  0.241377  0.477458 -0.746697  0.776754 -0.343238 -2.224832
  0.258234  0.334142 -0.657028 -0.564836 -1.369825 -3.713767  0.084913

  0.798305  0.721527  0.599138  0.554856 -0.112943  0.686146  2.274572
  0.790049  0.489026 -0.290955 -0.826453  1.636937  0.789146  0.949601
 -0.022380 -1.338101 -0.696454 -1.444304 -1.127726  0.968859  0.061336

  1.393685  0.903110  1.080500  1.205369  0.281230  0.971197  1.643924
  0.762823  1.360888  0.829082  0.145344 -0.155730  1.645006  1.954416
  1.941094 -0.187020  1.455351  1.072096  3.124191 -0.073798  0.048361

 -0.558138  0.474894  0.821595 -0.599393 -0.531862 -0.318676 -0.684506
  0.813629  1.977263  3.992238  0.510409  0.216640 -0.519455  2.713319
 -0.083026  0.541741  2.624418  0.768935 -0.979691  0.830223  0.035117

  1.269295  0.996434  0.660421  1.956048  1.004572  1.658001 -0.541775
  0.248431 -0.093593 -0.571848  0.806888 -0.291202  2.020628 -0.223852
  0.529440  0.699707 -1.044307 -3.213286  2.078699  1.266088  0.019213

  0.901870  0.857108  0.372351  0.972071  1.541096  0.673061  1.619410
  1.062069  0.667372 -0.679062  1.062370  1.052019  1.799196 -2.041858
  0.023026  0.106496  1.157296  0.274852  2.791059  1.802756 -0.052760

  1.206262  0.715452  0.731799  0.521113  0.066488  0.762409 -0.885269
  0.639680  0.669781  0.129852  0.724281  0.345283  1.426333  0.282199
  0.743235  1.006048 -1.326660  1.795363  1.689813  0.074684 -0.059975


