 -0.968368 -0.688425 -0.347511 -0.012668 -0.451965 -0.798545  0.468781
 -0.719954 -0.511260 -0.468764 -0.245467 -0.145631  0.187294 -0.551182
  1.863820
 -1.215370 -1.032785 -0.158808  0.143657 -0.347396  0.205569  0.422483
  0.466130 -0.332897 -0.157972 -0.131670 -0.272938 -0.162928 -0.480569
  1.938810
 -2.766675 -0.831863 -1.452414  0.297640 -0.542644  0.368091 -0.016909
 -0.466292 -0.805691 -0.303945  0.363162  0.688973 -1.420944 -0.499501
 -0.082057
 -1.288128 -0.842635 -0.519754  0.070783 -0.300598 -0.655438  0.322430
 -0.384442 -0.186065 -0.258704  0.133924 -0.052157  0.125609 -0.581298
  1.842417
 -1.492856 -0.927741 -3.602753 -0.562012 -0.374956 -2.818668 -0.058485
  3.087917 -0.463873  2.041958 -0.356321 -0.740665  0.683225  0.486925
 -0.703593
 -0.846040 -0.924682 -0.542879 -0.151983 -0.219044 -0.139831  0.169924
 -0.049004 -0.386831 -0.354429 -0.119822 -0.289105  0.184389 -0.550885
  1.956228
 -2.037847  5.168239  1.372793  1.838725 -1.027629 -0.951423 -0.287228
 -1.941169 -3.489054  0.215398  0.661969  0.441592 -0.870847 -0.336434
  1.585581
 -0.389323 -0.234287 -0.310031 -0.390643 -0.298570  0.132873  0.035938
 -0.665969 -1.358512  0.162736 -0.464074 -1.144532  0.480586 -0.431900
  1.688959
 -1.249585 -0.948073 -0.075156  0.008739 -0.445697 -1.068713  0.559801
 -0.816760 -0.550620 -0.380479  0.226429 -0.434633  0.180771 -0.459145
  1.819952
 -0.538141 -0.318050  0.940194 -0.746966 -0.015446  1.560641 -0.675520
 -2.446753 -0.549324  0.320575 -1.472622 -1.532802  0.875487 -0.789441
  0.406578
  2.560532 -3.711339  2.240467 -0.281399 -0.956857 -1.115845  0.303207
 -0.278836 -2.540023  1.840273 -0.452674 -0.501126  2.469941 -1.535406
 -1.107455
  1.902208 -1.414429  0.862659 -2.871541  0.233821 -3.277970  3.257366
  0.473336 -1.564761 -0.627367 -0.850183 -4.021266  1.624251 -0.118520
 -1.211963
  2.860963 -4.175438 -0.399871 -0.365120  0.962200 -4.337718  0.947438
 -0.615109  0.730796 -3.702447 -1.582662 -0.144086  1.590721 -0.480943
 -2.251755
  1.688270  1.012065 -2.205712  3.741742  1.144884 -0.165604  1.582736
 -2.432902  1.976644 -0.241403  1.100140  1.944968  5.387061  1.144610
  1.428733
 -2.395939 -3.418413  2.395043  0.999592 -0.121221  0.173731  0.638236
 -0.722177 -0.525526  1.475923  1.807546  3.217035  0.377949  0.080996
  0.590690
  0.411108  0.460225  0.164684 -0.584859 -0.046264  1.942041  1.489923
  1.317474 -0.610799 -0.712428 -0.336782 -0.735021  0.032360 -0.540202
  1.766012
 -3.038677  0.246838  0.537823 -0.405930  0.624059 -2.704257  2.401654
 -2.532401 -2.393874 -0.149965  0.307534 -0.418242  0.935277 -0.186408
 -0.267418
  0.800722 -2.823829 -5.386087  2.405093 -0.207840  1.620608  1.273685
 -1.347860 -0.434728 -1.846507  0.250734 -2.684142 -0.743823 -0.128169
 -2.746605
 -2.641711 -1.726543  2.449692  4.498385  0.613279  0.349952  0.822345
 -1.311383 -1.797983 -2.704369 -0.188688 -0.051246  0.889597 -0.492416
 -0.583942
  0.507894  0.406572  0.837691  6.309513  0.835441  2.434504  1.061933
  1.948611 -1.161033 -2.167100 -0.272530  0.251948  1.143467  3.445919
  1.399309

  1.306969  1.189070  1.050229  1.269371  2.053688  1.451232 -1.315525
  1.043550  1.241114  0.407570 -1.566673  2.030819  3.896942  1.528198
  0.353121 -1.883153  0.879438 -0.236974 -1.315420  2.917039  0.012720

  1.214007  1.299911  1.061271  1.134416  0.512373  1.280691 -1.273663
  1.286613  1.010615  0.222283  4.253736 -0.508125 -1.268227  2.817055
  0.443439  2.327932 -0.768116 -1.062819 -0.447500  0.883266  0.029502

  1.108519  1.285337  1.303281  0.973859  1.169772  1.329521  1.743009
  1.361717  1.326894 -2.455057  4.115732  0.715469 -0.069284  2.159581
  3.812001  0.656431  0.716453  5.700005 -1.403973 -2.029265  0.067201

  1.241510  1.253309  0.790072  1.222385 -0.301082  1.320537  3.935019
  1.972734  1.266327  1.387181 -0.156620 -2.364679 -1.488642  1.304121
 -0.507274  0.905727 -2.853669  0.474586 -1.600159  0.978614  0.009574

  1.134366  1.351610  1.229276  1.048416 -0.583216  1.321675 -0.553934
  0.598355  1.265563  0.148362 -0.158785 -0.494533 -0.810071 -2.881104
  0.914029  3.853125  0.170596  1.669518 -0.717148  1.588993 -0.069449

  1.352329  1.533583  1.093571  1.310810 -0.105472  1.726668 -0.344827
  1.278633  1.240752  0.699261  0.031233  3.370998  2.450291 -4.526846
  1.058908  1.705454 -0.116275  2.441062 -0.812531  1.949482  0.015125

  1.002828  1.083589  0.851972  1.070863  0.130882  1.109497 -0.122449
  0.409070  1.194594  0.270263 -0.436904 -1.609170  2.759255  1.901234
  1.512149  0.632977 -1.137730  2.016426 -1.068091 -2.241134  0.018638

  1.025489  1.800445  0.939044  0.967117  1.003864  1.195531 -1.665820
  0.501717  0.934921  0.633318 -1.890571  1.558191 -0.994544  1.713297
  0.819695  1.498442 -1.285649  1.842645 -1.168301  0.324717 -0.095776

  1.060152  0.941550  1.728244  1.219020  4.956055  0.833566 -0.550518
  1.246177  0.784981  0.782624 -5.284406 -0.697746  0.241097  0.097450
  0.809512  0.499502  3.868311  4.673046  1.087583 -2.238106 -0.060295

  1.791882  1.643671  0.145942  1.968067 -2.441805  1.674487  4.138094
  2.761977  1.572016  1.946466  7.724950  4.849738  0.782369 -2.098321
 -4.886754  1.197936  1.222452 -0.006194  1.851151 -3.690074  0.017026

  0.632182  1.238183  1.235149  0.746910  0.785656  1.063296  0.928700
  0.678389  0.499126  0.393491  0.453070 -0.976441 -2.087009 -1.745252
  1.122546  0.695646 -1.497018  1.348332  2.957744  0.454242  0.069042

  0.739613  0.682656  1.540373  0.683144 -0.211089  0.761250 -2.061031
  1.165701  0.598400  2.950218 -2.329791 -1.660234 -1.868250 -0.790734
 -0.206149  0.277879 -0.804595  2.301484  1.125565 -0.636440  0.021928

  1.314720  1.262332  1.193938  1.282913  0.455539  1.278034  2.386322
  1.284035  1.018973  1.151659 -1.998526 -0.510145 -1.446753 -1.110069
 -0.049946 -0.556605  1.978407 -2.679070  2.109766  2.772107  0.042785

  0.801664  0.837712  0.704235  0.834376 -0.178209  0.711753  1.793204
  0.898451  0.507992  0.733540 -2.124354  0.387632 -1.968817 -1.623215
  0.455174  0.364002  0.461078 -2.092399 -1.583844 -2.229530  0.090280

  1.596810  1.649146  1.274859  1.340624 -1.481571  1.870417  4.174956
  1.506097  1.399055 -1.547416  2.677107  1.042117 -2.568140  2.248185
  0.647682 -1.010358 -0.721783 -0.358230 -0.398549 -0.252773 -0.034869

  0.977320  1.301262  0.854158  0.979454  4.026978  1.182604 -1.092693
  1.624572  0.901599  0.711491  2.448224  1.030967 -4.091833  0.244050
  0.595973 -0.069276 -0.130697  2.822163 -0.910196 -0.403860  0.031808

  1.024885  1.350219  0.902253  1.129261  0.855954  1.144856 -1.617568
  0.540877  0.996318  0.650356 -1.839119 -0.675691 -0.062507  2.028449
 -0.554523 -0.131876 -1.861081 -3.929033 -0.194594 -0.556911 -0.099975

  0.794220  1.197915  0.772492  0.898249  0.277000  1.131209  0.215576
  1.015761  0.653722  0.988579  0.907593  0.486060 -1.515690 -3.063558
 -0.075897  0.035644 -0.631663 -3.460055 -1.084594  1.414882  0.064752

  0.885774  0.706227  0.676200  0.631655 -0.488365  0.879981 -1.564461
  1.014517  1.019899  1.292611  2.565863  1.715435  0.878226 -0.644285
  1.248658 -0.215883 -0.950729 -1.781886  0.080338 -3.645937  0.016133

  1.141114  1.247518  0.813037  1.033618  1.385886  1.120106 -2.591286
  1.092287  0.690839  0.624309 -0.834990  1.131738  0.213680 -2.392780
  0.306819  0.482148 -1.422713 -0.576084 -1.641159 -4.081952  0.084913

  1.947736  1.808595  1.030555  1.627682 -4.553539  1.836591  5.093914
  1.938620  1.581512  1.757562 -2.413262  4.778211  6.308168  2.509735
 -4.466435 -0.972435 -3.649275 -4.947950 -1.097188  1.090149  0.061336

  2.439079  1.581276  3.891995  2.227072  0.776230  1.687328 -0.475271
  1.533885  2.302979  4.199837 -1.584355 -3.965196  3.296695  6.650283
  3.720902  0.485353  1.504469  4.126635  4.418695  2.479530  0.048361

 -0.963684 -0.054051 -0.078958 -0.999269  4.275377 -0.741171  0.366691
  0.404651  1.442534  4.315440  0.249978 -0.732003 -0.186517  3.884096
  0.498599  3.041221  4.249271  0.038521 -1.672174 -0.517698  0.035117

  2.373462  2.698805  0.312431  3.094710 -4.996990  3.148749  2.538460
  1.561779  1.249953 -1.905336 -0.745088  1.441060  2.536770 -2.389913
  1.833819  1.397291  2.765323 -7.244285  1.369413  1.126131  0.019213

  2.421991  2.300667  1.604392  2.440013  0.742731  2.141067  4.879836
  2.534135  2.192455 -0.093537  2.939287  4.707041  2.887543 -1.287227
 -0.085403  0.429314  1.035656  3.792350  4.181314  5.938929 -0.052760

  1.598339  1.109826  0.990656  0.914190 -0.393239  1.158589 -1.239482
  1.021724  1.060289  0.150363  0.612935  0.060510  1.491857  0.823668
 -0.090724  1.310827 -1.813611  2.133921  2.663943  0.952838 -0.059975


