 -0.973501 -0.690643 -0.348771 -0.017900 -0.452477 -0.799695  0.468585
 -0.719725 -0.511474 -0.469751 -0.247110 -0.143096  0.188344 -0.552758
  1.885069
 -1.220574 -1.032490 -0.159435  0.140072 -0.346377  0.205597  0.423388
  0.472032 -0.333842 -0.158856 -0.131602 -0.270326 -0.164024 -0.481638
  1.947871
 -2.934603 -0.862968 -1.603427  0.278831 -0.543274  0.353616 -0.013625
 -0.430675 -0.832096 -0.299861  0.396277  0.706518 -1.488554 -0.528863
 -0.146636
 -1.290798 -0.848979 -0.518097  0.064689 -0.298983 -0.656774  0.323023
 -0.384343 -0.180514 -0.258306  0.138082 -0.055251  0.120653 -0.582266
  1.866512
 -1.466804 -0.925772 -3.667329 -0.603320 -0.373540 -2.851269 -0.072734
  3.154556 -0.463473  2.078177 -0.341902 -0.744497  0.668137  0.458125
 -0.676114
 -0.848978 -0.925428 -0.546343 -0.156687 -0.219293 -0.139774  0.169968
 -0.049113 -0.387337 -0.355328 -0.121263 -0.290271  0.182083 -0.552693
  1.966967
 -2.057172  5.265555  1.351675  1.851439 -1.047870 -0.968594 -0.287087
 -1.941463 -3.523428  0.203827  0.660315  0.452296 -0.885465 -0.338311
  1.614869
 -0.389249 -0.232830 -0.315256 -0.397910 -0.297974  0.135832  0.038412
 -0.666066 -1.358858  0.159717 -0.464647 -1.146254  0.478873 -0.436140
  1.706257
 -1.254066 -0.951476 -0.075357  0.004091 -0.444969 -1.071655  0.559884
 -0.819269 -0.553664 -0.380462  0.225048 -0.438525  0.176891 -0.460207
  1.832226
 -0.576917 -0.368107  0.943331 -0.785186  0.011293  1.604514 -0.723316
 -2.558725 -0.578332  0.486492 -1.517544 -1.522279  0.922280 -0.810529
  0.385801
  2.606634 -3.703615  2.249209 -0.287408 -0.953774 -1.128844  0.304691
 -0.235739 -2.572154  1.846385 -0.451751 -0.514549  2.445770 -1.637996
 -1.077986
  1.919273 -1.431188  0.958445 -2.891559  0.272201 -3.288904  3.278261
  0.517818 -1.571310 -0.529555 -0.870411 -3.987362  1.717454 -0.110308
 -1.181879
  2.906199 -4.215684 -0.425778 -0.444173  1.018843 -4.417003  0.971480
 -0.638904  0.703301 -3.773862 -1.612237 -0.156161  1.573227 -0.482826
 -2.326072
  1.690971  1.079632 -2.254455  3.804734  1.142483 -0.161338  1.594096
 -2.430766  2.025007 -0.189064  1.121624  1.993076  5.443696  1.131387
  1.473458
 -2.461595 -3.513036  2.458028  0.970177 -0.121462  0.220760  0.638415
 -0.732273 -0.541359  1.523287  1.848526  3.253190  0.363645  0.062294
  0.560380
  0.392249  0.484856  0.221398 -0.596756 -0.044201  1.920702  1.531887
  1.386559 -0.586445 -0.795482 -0.335805 -0.738759 -0.028516 -0.539154
  1.798027
 -3.055003  0.250560  0.542399 -0.478604  0.636261 -2.733547  2.415103
 -2.546050 -2.405649 -0.111754  0.338790 -0.410212  0.956222 -0.243007
 -0.314717
  0.793687 -2.889573 -5.484165  2.508952 -0.195312  1.674214  1.277148
 -1.352174 -0.452888 -1.832332  0.231084 -2.684064 -0.724727 -0.124915
 -2.768550
 -2.665377 -1.722000  2.438040  4.511285  0.613279  0.376320  0.829023
 -1.343898 -1.840784 -2.697005 -0.148412 -0.082935  0.844917 -0.531925
 -0.572304
  0.530594  0.361571  0.804996  6.387549  0.835620  2.483282  1.071818
  2.028755 -1.171832 -2.172301 -0.250080  0.276060  1.129690  3.503272
  1.412288

  1.354254  1.234933  1.087814  1.316447  2.119742  1.498348 -1.322000
  1.089570  1.288514  0.426971 -1.616427  2.053642  3.986321  1.593555
  0.347546 -1.989868  0.892832 -0.213017 -1.341227  3.020354  0.012720

  1.235857  1.321208  1.078084  1.156183  0.539790  1.302340 -1.367946
  1.307703  1.032323  0.239431  4.274230 -0.449095 -1.298764  3.060424
  0.391136  2.372903 -0.778644 -1.098520 -0.491648  0.902802  0.029502

  1.130073  1.308220  1.306047  0.996412  1.278020  1.352512  1.766942
  1.385476  1.349827 -2.501788  4.183965  0.707534 -0.120056  2.194610
  3.884888  0.674783  0.667950  5.906396 -1.437423 -2.006826  0.067201

  1.265541  1.276513  0.780952  1.246434 -0.293828  1.344781  4.060225
  1.997966  1.290301  1.455817 -0.149833 -2.371395 -1.508853  1.347129
 -0.565514  0.862508 -2.883654  0.450591 -1.639421  0.979338  0.009574

  1.154806  1.372003  1.241184  1.068866 -0.641248  1.342099 -0.544774
  0.617757  1.286104  0.106582 -0.156748 -0.532554 -0.865956 -2.967106
  0.926350  3.927352  0.190748  1.694566 -0.713879  1.593518 -0.069449

  1.385722  1.568628  1.113301  1.344423 -0.159792  1.761247 -0.319993
  1.311215  1.273513  0.705750  0.031909  3.353441  2.599751 -4.685094
  1.063034  1.914510 -0.134755  2.452643 -0.833508  1.947979  0.015125

  1.024338  1.105500  0.865196  1.092744  0.091996  1.131280 -0.153606
  0.430098  1.216445  0.281709 -0.509405 -1.667597  2.783074  1.936323
  1.574397  0.650635 -1.152691  2.096717 -1.086400 -2.246192  0.018638

  1.049469  1.825043  0.960749  0.991068  1.006122  1.219634 -1.697810
  0.524124  0.958777  0.633150 -1.926719  1.590760 -1.015510  1.727470
  0.829760  1.583835 -1.304582  1.849625 -1.184297  0.325247 -0.095776

  1.084145  0.965331  1.853217  1.243476  5.101396  0.857475 -0.563580
  1.269408  0.808766  0.763529 -5.396497 -0.782247  0.217553  0.110816
  0.827561  0.515461  3.882799  4.712987  1.101933 -2.216547 -0.060295

  1.881347  1.733541  0.025865  2.056740 -2.634336  1.765010  4.300587
  2.853285  1.661325  2.057469  7.872215  5.000923  0.924334 -2.214258
 -5.074179  1.292155  1.220925  0.144232  1.901539 -3.813754  0.017026

  0.643931  1.251130  1.251368  0.758862  0.801763  1.075337  0.941749
  0.688966  0.510678  0.364306  0.446675 -1.001554 -2.123208 -1.772101
  1.159246  0.704417 -1.526391  1.339376  2.991120  0.451322  0.069042

  0.753921  0.696728  1.571632  0.697297 -0.205208  0.775803 -2.160660
  1.181405  0.612467  2.998107 -2.367251 -1.636566 -1.861286 -0.863158
 -0.243802  0.280454 -0.795586  2.328180  1.138672 -0.658479  0.021928

  1.346574  1.293584  1.215375  1.314682  0.466690  1.309604  2.375942
  1.314077  1.050614  1.165660 -2.046809 -0.598019 -1.513366 -1.101497
 -0.065654 -0.544505  2.042706 -2.746667  2.156291  2.856232  0.042785

  0.830099  0.866243  0.705449  0.862711 -0.213429  0.740353  1.812652
  0.926721  0.536381  0.759533 -2.146092  0.414442 -2.007036 -1.652774
  0.452960  0.394855  0.470734 -2.143139 -1.622010 -2.281608  0.090280

  1.623499  1.675521  1.291842  1.367325 -1.489541  1.897151  4.271036
  1.531039  1.425883 -1.607724  2.739297  1.073777 -2.572328  2.296877
  0.682369 -1.022384 -0.741491 -0.413564 -0.411994 -0.286901 -0.034869

  1.002074  1.325852  0.875046  1.004242  4.205802  1.207288 -1.079879
  1.649625  0.926331  0.714164  2.455239  1.069879 -4.152966  0.191116
  0.616869 -0.143519 -0.108006  2.922795 -0.891573 -0.433306  0.031808

  1.041901  1.367441  0.912349  1.146104  0.874590  1.162013 -1.653406
  0.557800  1.013333  0.661781 -1.838383 -0.661930 -0.068481  2.010925
 -0.610520 -0.122487 -1.891850 -4.032423 -0.216846 -0.556941 -0.099975

  0.821978  1.225173  0.794508  0.925973  0.252057  1.158519  0.208895
  1.042494  0.681302  0.999178  0.920210  0.491830 -1.538249 -3.101641
 -0.120465  0.090866 -0.651274 -3.554479 -1.112419  1.468119  0.064752

  0.912705  0.733457  0.689369  0.658274 -0.526941  0.907133 -1.610669
  1.041671  1.047042  1.336432  2.557618  1.788105  0.910341 -0.651653
  1.278731 -0.215813 -0.967788 -1.751449  0.126838 -3.696066  0.016133

  1.176082  1.282712  0.807751  1.068621  1.422354  1.155508 -2.644450
  1.125807  0.725719  0.631437 -0.850625  1.171805  0.256505 -2.419979
  0.304273  0.482083 -1.481915 -0.564789 -1.667809 -4.143195  0.084913

  2.002366  1.864017  1.014571  1.681572 -4.687205  1.892304  5.130661
  1.994047  1.635963  1.840531 -2.518086  4.941556  6.480071  2.615082
 -4.522355 -0.900013 -3.816581 -5.157220 -1.025419  1.082722  0.061336

  2.483182  1.609672  4.214107  2.264556  0.786353  1.715389 -0.468653
  1.561787  2.338937  4.353171 -1.761905 -4.178378  3.541326  6.783646
  3.928586  0.505994  1.504403  4.206785  4.495645  2.637112  0.048361

 -0.958961 -0.051895 -0.058142 -0.994977  4.358864 -0.737439  0.454605
  0.409828  1.444139  4.284510  0.211751 -0.728379 -0.169017  3.974636
  0.578906  3.214108  4.329103  0.099852 -1.671067 -0.578655  0.035117

  2.485779  2.837677  0.098690  3.216074 -5.125652  3.280962  2.731242
  1.687128  1.376152 -1.674706 -0.658037  1.670304  2.415260 -2.328007
  2.048802  1.521349  3.216060 -7.594215  1.272606  1.190141  0.019213

  2.509395  2.379368  1.706111  2.524444  0.729101  2.223858  5.105373
  2.620213  2.277974 -0.207909  3.089043  4.834567  3.025339 -1.313363
 -0.102152  0.395238  1.003550  4.105229  4.191835  6.088457 -0.052760

  1.623668  1.135274  0.997100  0.939400 -0.420210  1.184241 -1.307190
  1.046612  1.085459  0.157267  0.632709  0.041375  1.518983  0.846878
 -0.147716  1.321672 -1.861438  2.139918  2.704490  0.969471 -0.059975


