0  1   8    0    0    0    0    0    0    0    0    0    0    1    0    8
0  2   7    0    0    0    0    0    0    0    0    0    0    0    0   11
0  3  12   10    1    1    0    0    0    4    6    0    0    0    0    2
1  1  21   10    4    4    0   11    0    5    0    2    0    0    2    0
1  2  27   12    3    3    0    8    0    5    0    2    0    0    2    0
1  3  24   14    2    2    0   11    0    5    0    2    0    0    2    0
2  1   8    8    2    3    0    0    0    0    0    1    1    1    0    0
2  2   8    5    3    4    0    0    0    0    0    1    1    1    1    0
2  3  12    9    2    2    0    0    0    0    0    1    1    1    0    0
3  1  12   18    3    3    0    7    0    1    0    1    0    0    1    0
3  2  10   18    3    3    0    7    0    1    0    1    0    0    1    0
3  3  10   22    1    1    0    7    0    1    0    1    0    0    1    0
4  1  25    9    0    0    0   11    0    5    0    0    0    0    0    0
4  2  25    9    0    0    0   11    0    5    0    0    0    0    0    0
4  3  25    9    0    0    0   11    0    5    0    0    0    0    0    0
5  1  14    9    0    0    0    4    0    5    0    0    0    0    0    0
5  2  18    9    0    0    0    4    0    5    0    0    0    0    0    0
5  3  15   10    0    0    0    4    0    5    0    0    0    0    0    0
6  1   9    7    2    4    0    0    0    0    9    1    1    1    1    0
6  2   9    7    2    3    0    0    0    0    9    1    2    1    0    0
6  3  14   10    1    2    0    0    0    0    9    0    1    1    1    0
7  1   8   18    0    0    0    4    6    4    6    0    0    0    0    0
7  2   8   18    0    0    0    4    6    4    6    0    0    0    0    0
7  3   8   22    0    0    0    4    6    4    6    0    0    0    0    0
8  1   0   10    0    0    0    0    0    0    0    0    0    0    0    0
8  2   0   12    0    0    0    0    0    0    0    0    0    0    0    0
8  3   0   14    0    0    0    0    0    0    0    0    0    0    0    0
9  1   0   10    1    1    0    0    0    0    0    0    0    0    1    0
9  2   0   11    1    1    0    0    0    0    0    0    0    0    1    0
9  3   0   12    1    1    0    0    0    0    0    0    0    0    1    0
10 1   1    9    7    4    0    1    0    4    0    0    1    1    0    0
10 2   1    9    6    5    0    1    0    4    0    0    1    1    0    0
10 3   0   11    4    6    0    4    0    4    0    0    0    1    0    0
11 1   9   12    0    0    0    7    0    0    0    0    0    0    0    0
11 2   9   12    0    0    0    7    0    0    0    0    0    0    0    0
11 3   9   13    0    0    0    7    0    0    0    0    0    0    0    0
12 1   0   20    4    4    0    0    0    0    0    0    0    0    0    0
12 2   0   29    2    2    0    0    0    0    0    0    0    3    3    0
12 3   0   24    4    4    0    0    0    0    0    0    0    0    0    0
13 1   0   22    2    0    0    0    0    0    0    0    0    0    0    0
13 2   0   22    2    0    0    0    0    0    0    0    0    0    0    0
13 3   0   24    2    0    0    0    0    0    0    0    0    0    0    0
14 1   8   14    4    4    0    0    0    0    0    1    1    1    1    0
14 2   8   12    4    4    0    0    0    0    0    1    1    1    1    0
14 3  12   16    2    2    0    0    0    0    0    1    1    1    1    0
15 1  16   11    1    1    0    4    0    5    0    1    0    0    1    0
15 2  16   12    1    1    0    4    0    5    0    1    0    0    1    0
15 3  16   13    1    1    0    4    0    5    0    1    0    0    1    0
16 1   8   16    2    2    0    0    0    0    8    1    1    1    1    0
16 2   6   10    4    4    0    0    0    0    8    1    1    1    1    0
16 3  10   14    2    2    0    0    0    0    8    1    1    1    1    0
17 1  13   11    7    1    0    4    0    5    0    1    0    0    1    0
17 2  13   12    6    1    0    4    0    5    0    1    0    0    1    0
17 3  14   15    3    1    0    4    0    5    0    1    0    0    1    0
18 1  14    1    5    3    0    0    0    0    0    3    1    1    1    0
18 2  10    0    8    2    0    0    0    0    0    3    1    0    1    0
18 3   9    0    8    3    0    0    0    0    0    2    1    1    1    0
19 1   6   11    0    0    0    0    0    2    2    0    0    0    0    0
19 2   6   12    0    0    0    0    0    2    2    0    0    0    0    0
19 3   8   13    0    0    0    0    0    2    2    0    0    0    0    0
20 1   3   16    3    3    0    0    0    0    0    0    0    1    1    0
20 2   3   16    3    3    0    0    0    0    0    0    0    1    1    0
20 3   3   22    2    2    0    0    0    0    0    0    0    1    1    0
21 1   0    4    4    4    0    0    0    0    0    0    0    2    2    0
21 2   0    4    4    4    0    0    0    0    0    0    0    2    2    0
21 3   1   15    0   11    0    0    0    0    0    0    0    0    1    0
22 1   0   10    0    0    0    0    0    0    0    0    0    5    5    0
22 2   0   13    0    0    0    0    0    0    0    0    0    5    5    0
22 3   4   31    0    2    0    8    8    0    0    0    0    0    1    0
23 1   0    0   10   10    5    0    0    0    0    0    0    0    0    0
23 2   0    0   10   10    5    0    0    0    0    0    0    0    0    0
23 3   0    2    8    8    5    0    0    0    0    1    1    1    1    0
24 1   0    6    4    4    0    0    0    0    0    0    0    1    1    0
24 2   0   10    3    3    0    0    0    0    0    0    0    1    1    0
24 3   0    5    6    6    0    0    0    0    0    0    0    0    0    0
25 1  18    0    0   10    0    0    0    0    0    0    0    0    0    0
25 2  18    0    0   10    0    0    0    0    0    0    1    0    0    0
25 3  22    0    0   12    0    0    0    0    0    0    0    0    0    0
0  4   7    0    0    0    0    0    0    0    0    0    0    0    0   13
0  5   7    0    0    0    0    0    0    0    0    0    0    0    0   11
0  6   6    5    0    6    0    0    9    0    0    0    1    0    0    0
1  4  27   14    2    2    0    8    0    5    0    2    0    0    2    0
1  5  27   12    2    2    0    8    0    5    0    2    0    0    2    0
1  6  19   14    2    2    0    8    0    5    0    2    0    1    2    0
2  4  12    5    4    4    0    0    0    0    0    1    1    1    0    0
2  5  13    8    2    2    0    0    0    0    0    1    1    1    0    0
2  6  10   11    1    3    0    0    0    0    0    1    1    0    2    0
3  4  14   20    2    2    0    7    0    1    0    1    0    0    1    0
3  5  12   18    3    3    0    7    0    1    0    1    0    0    1    0
3  6  14   20    1    1    0    7    0    1    0    1    0    0    1    0
4  4  27    9    0    0    0   11    0    5    0    0    0    0    0    0
4  5  26    9    0    0    0   11    0    5    0    0    0    0    0    0
4  6  23    7    0    1    0   11    0    5    0    0    0    0    0    0
5  4  21   10    0    0    0    4    0    5    0    0    0    0    0    0
5  5  18    9    0    0    0    4    0    5    0    0    0    0    0    0
5  6  16    7    0    0    0    4    0    5    0    0    0    0    0    0
6  4   8    5    1    5    0    0    0    0    9    1    1    1    1    0
6  5   8    6    3    4    0    0    0    0    9    1    1    1    1    0
6  6   7   11    0    6    0    7    0    0    8    0    1    0    2    0
7  4  10   22    0    0    0    4    6    4    6    0    0    0    0    0
7  5   8   18    0    0    0    4    6    4    6    0    0    0    0    0
7  6   6   17    0    0    0    4    6    4    6    0    0    0    0    0
8  4   0   14    0    0    0    0    0    0    0    0    0    0    0    0
8  5   0   12    0    0    0    0    0    0    0    0    0    0    0    0
8  6   0   12    0    1    0    0    0    0    0    0    0    0    0    0
9  4   1   13    1    0    0    0    0    0    0    0    0    0    0    0
9  5   0   11    1    1    0    0    0    0    0    0    0    0    1    0
9  6   0    9    0    3    0    0    0    0    0    0    0    0    1    0
10 4   0   11    4    6    0    4    0    4    0    0    0    1    0    0
10 5   3    9    5    6    0    4    0    4    0    0    1    1    0    0
10 6   0    6    6    7    0    4    0    0    0    0    0    0    0    0
11 4   9   13    0    0    0    7    0    0    0    0    0    0    0    0
11 5   8   12    0    0    0    7    0    0    0    0    0    0    0    0
11 6   8   12    0    1    0    7    0    0    0    0    0    0    0    0
12 4   0   31    2    2    0    0    0    0    0    0    0    3    3    0
12 5   0   29    2    2    0    0    0    0    0    0    0    3    3    0
12 6   0   22    3    3    0    0    0    0    0    0    0    0    0    0
13 4   0   24    2    0    0    0    0    0    0    0    0    0    0    0
13 5   0   22    2    0    0    0    0    0    0    0    0    0    0    0
13 6   0   21    2    0    0    0    0    0    0    0    0    0    0    0
14 4   8   10    6    6    0    0    0    0    0    1    1    1    1    0
14 5  12   14    4    4    0    0    0    0    0    1    1    1    1    0
14 6   8   12    4    4    0    0    0    0    0    1    1    1    1    0
15 4  16   13    1    1    0    4    0    5    0    1    0    0    1    0
15 5  16   12    1    1    0    4    0    5    0    1    0    0    1    0
15 6  14    9    1    1    0    4    0    5    0    1    0    0    1    0
16 4   8   10    7    5    9    0    0    0    0    1    1    1    1    0
16 5   9   14    4    4    0    0    0    0    9    1    1    1    1    0
16 6   6   10    4    4    0    0    0    8    8    1    1    1    1    0
17 4  16   17    2    1    0    4    0    5    0    2    0    0    1    0
17 5  13   12    6    1    0    4    0    5    0    1    0    0    1    0
17 6  11    9    7    1    0    4    0    5    0    1    0    0    1    0
18 4  10    1    8    2    0    0    0    0    0    2    1    1    1    0
18 5   9    0    6    3    0    0    0    0    0    3    1    1    1    0
18 6  12    1    3    0    0    0    0    0    0    0    0    2    1    0
19 4   8   13    0    0    0    0    0    2    2    0    0    0    0    0
19 5   6   12    0    0    0    0    0    2    2    0    0    0    0    0
19 6   8   12    0    0    0    0    0    2    2    0    0    0    0    0
20 4   4   22    2    2    0    0    0    0    0    0    0    1    1    0
20 5   3   16    3    3    0    0    0    0    0    0    0    1    1    0
20 6   0   20    0    5    0    0    0    0    0    0    0    0    0    0
21 4   0    4    4    4    0    0    0    0    0    0    0    3    3    0
21 5   0    4    4    4    0    0    0    0    0    0    0    2    2    0
21 6   0   11    0   10    0    0    0    0    0    0    0    0    1    0
22 4   0   16    0    0    0    0    0    0    0    0    0    6    6    0
22 5   0   12    0    0    0    0    0    0    0    0    0    5    5    0
22 6   0   15    1    7    0    0    0    0    0    0    0    0    1    0
23 4   0    0   10   10    5    0    0    0    0    0    0    1    1    0
23 5   0    0   10   10    5    0    0    0    0    0    0    0    0    0
23 6   0    0   12   13    5    0    0    0    0    0    0    0    0    0
24 4   0    6    6    6    0    0    0    0    0    0    0    0    0    0
24 5   0    6    6    6    0    0    0    0    0    0    0    0    0    0
24 6   2   15    1    5    0    0    0    0    0    0    0    0    1    0
25 4  20    0    0   10    0    0    0    0    0    0    0    0    0    0
25 5  16    0    0   12    0    0    0    0    0    0    1    0    0    0
25 6  18    0    0   12    0    0    0    0    0    0    0    0    0    0
