1.55E-07
-1.84E-06
-1.84E-06
-8.43E-07
-2.84E-06
1.15E-06
-3.34E-06
-3.34E-06
-2.84E-06
6.54E-07
-1.84E-06
1.65E-06
-3.44E-07
-1.84E-06
1.65E-06
-3.44E-07
2.65E-06
-3.44E-07
6.54E-07
-2.34E-06
6.54E-07
-2.34E-06
1.55E-07
1.15E-06
-2.34E-06
-8.43E-07
1.55E-07
1.55E-07
1.55E-07
-3.44E-07
-1.84E-06
-8.43E-07
-3.44E-07
-8.43E-07
1.65E-06
-1.84E-06
-1.84E-06
1.55E-07
3.65E-06
-3.84E-06
1.55E-07
-5.83E-06
1.55E-07
6.54E-07
-8.43E-07
-3.44E-07
6.54E-07
-1.34E-06
1.55E-07
6.14E-06
-3.34E-06
1.65E-06
-3.44E-07
1.15E-06
1.15E-06
6.54E-07
-3.44E-07
2.65E-06
1.65E-06
1.55E-07
6.14E-06
-1.84E-06
-8.43E-07
-3.44E-07
-8.43E-07
1.55E-07
1.15E-06
-8.43E-07
1.55E-07
6.54E-07
-1.34E-06
1.15E-06
6.54E-07
-1.34E-06
-1.84E-06
-3.44E-07
-1.84E-06
-8.43E-07
-8.43E-07
-2.34E-06
6.54E-07
-3.44E-07
1.55E-07
-2.34E-06
1.55E-07
-4.34E-06
1.15E-06
-3.44E-07
-2.84E-06
1.55E-07
-8.43E-07
-3.44E-07
1.65E-06
4.65E-06
-1.34E-06
2.65E-06
-8.43E-07
-3.44E-07
1.15E-06
-3.44E-07
1.55E-07
3.15E-06
-1.34E-06
6.54E-07
-8.43E-07
1.65E-06
6.54E-07
1.55E-07
-1.84E-06
6.54E-07
1.15E-06
-1.84E-06
-8.43E-07
1.65E-06
-1.84E-06
-2.34E-06
3.15E-06
-3.34E-06
3.15E-06
-2.84E-06
-3.44E-07
-8.43E-07
-8.43E-07
-1.84E-06
1.65E-06
-3.44E-07
1.55E-07
-1.34E-06
1.55E-07
-3.44E-07
5.14E-06
-8.43E-07
1.55E-07
3.15E-06
1.65E-06
1.65E-06
1.65E-06
1.55E-07
-3.44E-07
5.14E-06
6.54E-07
6.54E-07
2.65E-06
-1.84E-06
6.54E-07
6.54E-07
-1.84E-06
-8.43E-07
-3.44E-07
-3.34E-06
-1.84E-06
-1.34E-06
-5.33E-06
1.15E-06
-1.84E-06
-2.34E-06
-8.43E-07
-2.34E-06
-1.34E-06
-1.34E-06
1.55E-07
-3.84E-06
-8.43E-07
-3.84E-06
-1.84E-06
6.54E-07
-2.34E-06
-3.44E-07
2.65E-06
-3.44E-07
6.54E-07
3.15E-06
-1.84E-06
6.54E-07
2.15E-06
-2.34E-06
2.65E-06
6.54E-07
-1.34E-06
1.15E-06
1.15E-06
1.55E-07
4.65E-06
2.15E-06
-2.34E-06
3.15E-06
-2.84E-06
6.54E-07
2.65E-06
-1.34E-06
-8.43E-07
1.15E-06
-8.43E-07
-7.83E-06
4.15E-06
-3.34E-06
1.55E-07
1.55E-07
-3.34E-06
-2.34E-06
-3.44E-07
-2.84E-06
6.54E-07
1.55E-07
3.15E-06
-2.34E-06
2.15E-06
-1.34E-06
5.14E-06
-8.43E-07
1.15E-06
3.15E-06
6.54E-07
1.15E-06
1.65E-06
6.54E-07
-1.84E-06
5.14E-06
1.55E-07
3.15E-06
4.15E-06
-8.43E-07
1.15E-06
1.15E-06
-1.34E-06
2.15E-06
1.15E-06
1.15E-06
-3.44E-07
1.15E-06
-5.33E-06
6.54E-07
-1.34E-06
-3.34E-06
1.55E-07
-8.43E-07
-1.84E-06
2.15E-06
2.65E-06
-2.84E-06
6.54E-07
-1.84E-06
-3.44E-07
1.55E-07
-1.84E-06
6.54E-07
2.65E-06
-1.34E-06
6.54E-07
1.65E-06
-1.84E-06
2.15E-06
3.65E-06
-2.84E-06
2.65E-06
1.65E-06
-3.44E-07
1.15E-06
1.55E-07
-3.44E-07
3.15E-06
2.65E-06
-8.43E-07
4.15E-06
-1.84E-06
6.54E-07
2.15E-06
-1.84E-06
6.54E-07
2.15E-06
-1.34E-06
-7.33E-06
4.15E-06
-4.34E-06
-8.43E-07
-3.44E-07
-3.34E-06
1.55E-07
1.55E-07
-2.34E-06
1.15E-06
1.55E-07
3.65E-06
-8.43E-07
2.15E-06
-3.34E-06
4.15E-06
-1.84E-06
6.54E-07
1.65E-06
6.54E-07
-3.44E-07
1.65E-06
1.55E-07
-3.34E-06
3.15E-06
6.54E-07
2.15E-06
3.15E-06
-1.84E-06
6.54E-07
1.55E-07
-2.34E-06
1.55E-07
-3.44E-07
-1.34E-06
-3.44E-07
6.54E-07
-4.83E-06
2.65E-06
-1.34E-06
-3.84E-06
1.55E-07
-8.43E-07
-8.43E-07
2.65E-06
1.65E-06
-2.34E-06
1.65E-06
-2.34E-06
1.15E-06
-8.43E-07
-2.34E-06
1.55E-07
-3.44E-07
-8.43E-07
1.15E-06
5.14E-06
-2.84E-06
2.15E-06
6.54E-07
-8.43E-07
3.65E-06
1.55E-07
-3.44E-07
2.15E-06
-3.44E-07
-3.44E-07
-3.44E-07
2.65E-06
-8.43E-07
3.65E-06
-3.84E-06
1.15E-06
2.15E-06
-8.43E-07
6.54E-07
-3.44E-07
-8.43E-07
3.15E-06
3.15E-06
-1.34E-06
3.65E-06
-1.34E-06
-3.44E-07
3.15E-06
-1.84E-06
-3.44E-07
2.15E-06
1.15E-06
-4.83E-06
2.65E-06
1.55E-07
-3.44E-07
4.15E-06
-1.84E-06
-3.44E-07
2.65E-06
1.55E-07
6.54E-07
1.65E-06
1.15E-06
6.54E-07
3.15E-06
-8.43E-07
2.15E-06
1.55E-07
-1.34E-06
1.15E-06
-3.44E-07
-1.34E-06
-3.44E-07
-8.43E-07
-5.83E-06
2.15E-06
-3.44E-07
-4.83E-06
1.65E-06
-8.43E-07
-1.84E-06
1.15E-06
-8.43E-07
-3.44E-07
2.65E-06
1.65E-06
-2.34E-06
1.65E-06
-2.84E-06
6.54E-07
-3.44E-07
-1.34E-06
-3.44E-07
2.15E-06
1.55E-07
6.54E-07
5.14E-06
-2.34E-06
2.65E-06
-8.43E-07
-8.43E-07
6.54E-07
-3.44E-07
-8.43E-07
1.55E-07
-3.44E-07
-2.84E-06
4.15E-06
-1.34E-06
-1.34E-06
-1.34E-06
1.55E-07
-1.34E-06
2.65E-06
-3.44E-07
-3.44E-07
2.65E-06
1.55E-07
1.55E-07
6.54E-07
-1.34E-06
-8.43E-07
2.65E-06
-8.43E-07
-8.43E-07
1.65E-06
1.55E-07
6.54E-07
1.15E-06
-2.84E-06
4.65E-06
1.65E-06
1.15E-06
-3.44E-07
1.15E-06
-1.84E-06
2.15E-06
6.54E-07
-1.84E-06
2.15E-06
-5.83E-06
2.65E-06
1.65E-06
1.65E-06
-1.84E-06
1.15E-06
-3.44E-07
-2.34E-06
1.15E-06
-1.84E-06
-8.43E-07
-7.83E-06
2.15E-06
-1.34E-06
-2.34E-06
2.15E-06
-3.34E-06
-1.34E-06
-1.84E-06
-1.34E-06
6.54E-07
-1.84E-06
-8.33E-06
4.65E-06
-1.34E-06
1.55E-07
1.15E-06
-2.34E-06
1.15E-06
1.15E-06
1.55E-07
1.15E-06
1.65E-06
-6.83E-06
3.65E-06
1.15E-06
-1.84E-06
6.54E-07
1.55E-07
-8.43E-07
1.15E-06
6.54E-07
-8.43E-07
2.65E-06
1.15E-06
-1.34E-06
2.65E-06
2.15E-06
-1.84E-06
2.65E-06
1.15E-06
