1.56E-06
1.07E-06
5.67E-07
6.79E-08
-4.31E-07
-4.31E-07
1.56E-06
-4.31E-07
-4.31E-07
1.07E-06
-4.31E-07
6.79E-08
4.56E-06
-3.42E-06
6.79E-08
-2.43E-06
-3.92E-06
5.67E-07
6.79E-08
-1.43E-06
6.79E-08
-1.93E-06
-2.93E-06
-1.43E-06
2.06E-06
-2.93E-06
1.07E-06
-2.43E-06
1.07E-06
1.56E-06
-1.43E-06
5.67E-07
1.56E-06
-4.31E-07
-2.43E-06
3.06E-06
-2.43E-06
3.06E-06
-9.30E-07
6.79E-08
2.06E-06
1.07E-06
-4.31E-07
1.56E-06
5.67E-07
2.56E-06
-2.43E-06
2.06E-06
-1.93E-06
3.56E-06
-2.93E-06
-1.93E-06
1.56E-06
-1.43E-06
-1.93E-06
-4.31E-07
-1.93E-06
-2.93E-06
3.06E-06
-9.30E-07
-9.30E-07
1.56E-06
-1.93E-06
6.79E-08
-4.31E-07
-2.43E-06
6.79E-08
-4.31E-07
-1.93E-06
1.07E-06
5.67E-07
-4.42E-06
2.56E-06
5.67E-07
-1.43E-06
1.56E-06
6.79E-08
-9.30E-07
3.06E-06
1.07E-06
-2.93E-06
2.06E-06
-1.43E-06
6.79E-08
5.67E-07
-1.93E-06
6.79E-08
1.07E-06
-1.43E-06
-9.30E-07
3.56E-06
-4.42E-06
6.79E-08
6.79E-08
-4.92E-06
6.79E-08
-9.30E-07
-1.43E-06
1.07E-06
-9.30E-07
-1.93E-06
6.79E-08
2.06E-06
-2.43E-06
3.06E-06
-3.92E-06
-4.31E-07
1.56E-06
-9.30E-07
6.79E-08
1.07E-06
-1.43E-06
-3.92E-06
4.06E-06
-1.43E-06
2.56E-06
1.07E-06
-9.30E-07
5.67E-07
-4.31E-07
-2.93E-06
1.56E-06
6.79E-08
6.79E-08
-1.43E-06
1.56E-06
-1.93E-06
5.06E-06
-1.43E-06
-9.30E-07
2.06E-06
-4.31E-07
6.79E-08
1.56E-06
6.79E-08
-1.93E-06
3.56E-06
-4.31E-07
6.79E-08
2.06E-06
-2.43E-06
-9.30E-07
5.67E-07
-1.43E-06
6.79E-08
-4.31E-07
-2.43E-06
6.79E-08
6.79E-08
-3.92E-06
2.06E-06
-9.30E-07
-1.93E-06
1.07E-06
-1.93E-06
-4.31E-07
1.56E-06
5.67E-07
-2.43E-06
1.56E-06
-1.93E-06
6.79E-08
1.07E-06
-1.93E-06
5.67E-07
1.56E-06
-9.30E-07
-4.31E-07
4.56E-06
-1.93E-06
1.56E-06
2.06E-06
-1.93E-06
-9.30E-07
5.67E-07
-1.43E-06
1.56E-06
-9.30E-07
-1.43E-06
-4.31E-07
2.06E-06
-1.93E-06
2.06E-06
-2.93E-06
-4.31E-07
2.56E-06
-1.93E-06
-9.30E-07
2.56E-06
-4.31E-07
-3.42E-06
4.06E-06
-1.93E-06
1.56E-06
2.06E-06
-1.93E-06
1.07E-06
1.07E-06
-1.93E-06
2.06E-06
6.79E-08
5.67E-07
-1.93E-06
1.07E-06
-2.43E-06
4.56E-06
-2.93E-06
-4.31E-07
2.56E-06
1.56E-06
6.79E-08
1.07E-06
-2.43E-06
-3.42E-06
2.56E-06
-9.30E-07
1.07E-06
1.07E-06
-1.93E-06
6.79E-08
6.79E-08
-2.43E-06
5.67E-07
1.56E-06
-1.93E-06
-4.31E-07
5.67E-07
-3.92E-06
3.06E-06
5.67E-07
-4.31E-07
5.67E-07
5.67E-07
5.67E-07
2.06E-06
2.56E-06
-9.30E-07
3.06E-06
-4.31E-07
1.07E-06
1.56E-06
-1.43E-06
-9.30E-07
2.06E-06
-9.30E-07
1.07E-06
5.06E-06
-2.43E-06
5.67E-07
2.06E-06
-3.92E-06
5.67E-07
5.67E-07
-1.43E-06
6.79E-08
-9.30E-07
-1.93E-06
2.56E-06
1.56E-06
-1.43E-06
2.56E-06
-4.31E-07
-4.31E-07
2.06E-06
-9.30E-07
-4.31E-07
1.56E-06
1.07E-06
-7.92E-06
3.56E-06
-1.43E-06
-9.30E-07
4.56E-06
-2.43E-06
6.79E-08
3.06E-06
-9.30E-07
5.67E-07
5.67E-07
2.06E-06
-1.43E-06
3.06E-06
-1.93E-06
2.06E-06
6.79E-08
-1.93E-06
1.56E-06
5.67E-07
-2.43E-06
1.07E-06
6.79E-08
-4.42E-06
1.07E-06
-9.30E-07
-1.43E-06
2.06E-06
-4.31E-07
-9.30E-07
1.07E-06
-4.31E-07
1.07E-06
3.06E-06
1.07E-06
-1.93E-06
2.06E-06
-3.92E-06
1.07E-06
-4.31E-07
-1.93E-06
6.79E-08
1.56E-06
-4.31E-07
6.79E-08
2.56E-06
-3.42E-06
6.79E-08
-1.43E-06
-1.93E-06
-4.31E-07
-1.43E-06
-1.43E-06
5.67E-07
6.79E-08
-1.43E-06
8.55E-06
-9.30E-07
-9.30E-07
5.67E-07
-4.31E-07
6.79E-08
3.06E-06
1.07E-06
6.79E-08
2.06E-06
6.79E-08
2.06E-06
6.79E-08
-1.43E-06
-4.31E-07
2.56E-06
-9.30E-07
-4.31E-07
1.56E-06
-1.43E-06
5.67E-07
6.79E-08
-3.92E-06
3.06E-06
-4.31E-07
-1.43E-06
5.67E-07
6.79E-08
-9.30E-07
2.06E-06
5.67E-07
-1.43E-06
5.67E-07
2.06E-06
2.06E-06
5.67E-07
6.79E-08
-9.30E-07
1.07E-06
-1.43E-06
-4.31E-07
1.56E-06
-1.43E-06
6.79E-08
4.06E-06
1.07E-06
-1.43E-06
1.56E-06
-1.43E-06
6.79E-08
5.67E-07
-1.93E-06
1.56E-06
2.06E-06
6.79E-08
6.79E-08
3.56E-06
-1.93E-06
-2.43E-06
2.06E-06
-9.30E-07
2.06E-06
6.79E-08
-9.30E-07
3.06E-06
6.79E-08
-4.92E-06
5.56E-06
-9.30E-07
-9.30E-07
-3.42E-06
-1.43E-06
-1.43E-06
5.67E-07
-1.43E-06
-4.31E-07
-4.31E-07
-8.41E-06
6.06E-06
2.06E-06
-4.31E-07
-1.43E-06
1.07E-06
-9.30E-07
5.67E-07
6.79E-08
-9.30E-07
1.56E-06
5.67E-07
-3.42E-06
2.06E-06
1.07E-06
-4.31E-07
1.56E-06
6.79E-08
1.07E-06
3.06E-06
1.07E-06
5.67E-07
7.05E-06
-2.43E-06
3.06E-06
1.56E-06
3.56E-06
-4.31E-07
2.06E-06
-4.31E-07
1.07E-06
1.07E-06
-1.93E-06
3.06E-06
-4.31E-07
6.79E-08
5.67E-07
1.07E-06
-1.93E-06
6.79E-08
-4.31E-07
-1.93E-06
5.67E-07
-1.43E-06
-4.31E-07
1.07E-06
5.67E-07
-1.93E-06
-9.30E-07
1.56E-06
-1.43E-06
1.56E-06
-1.93E-06
5.67E-07
2.56E-06
-9.30E-07
-3.42E-06
2.06E-06
-1.43E-06
-2.43E-06
1.56E-06
-1.93E-06
-9.30E-07
6.79E-08
-1.43E-06
-9.30E-07
6.79E-08
-5.92E-06
1.56E-06
1.56E-06
5.67E-07
6.79E-08
-4.31E-07
-4.31E-07
1.56E-06
6.79E-08
6.79E-08
1.07E-06
-3.42E-06
-9.30E-07
1.07E-06
6.79E-08
6.79E-08
1.56E-06
6.79E-08
-9.30E-07
1.07E-06
6.79E-08
-6.42E-06
1.07E-06
-9.30E-07
-2.43E-06
4.56E-06
-1.43E-06
-9.30E-07
1.07E-06
-1.43E-06
5.67E-07
1.07E-06
