-1.77E-06
-2.74E-07
-1.77E-06
-2.74E-07
-2.77E-06
-2.74E-07
-2.74E-07
-1.77E-06
-7.73E-07
7.23E-07
2.25E-07
-1.77E-06
1.22E-06
-2.74E-07
1.72E-06
7.23E-07
-2.74E-07
3.22E-06
2.22E-06
-5.26E-06
2.72E-06
-7.73E-07
1.72E-06
1.22E-06
-2.74E-07
-7.73E-07
2.22E-06
-7.73E-07
2.25E-07
-2.74E-07
-8.26E-06
1.72E-06
1.22E-06
-2.74E-07
-2.74E-07
-7.73E-07
-2.77E-06
-2.74E-07
-1.27E-06
-2.77E-06
-1.27E-06
-4.27E-06
-2.77E-06
7.23E-07
1.22E-06
-7.73E-07
1.22E-06
2.25E-07
-1.27E-06
2.72E-06
-2.74E-07
-7.73E-07
5.71E-06
-1.27E-06
7.23E-07
1.22E-06
1.22E-06
7.23E-07
7.23E-07
-2.74E-07
1.22E-06
1.72E-06
-7.73E-07
3.72E-06
-1.27E-06
-2.74E-07
-7.73E-07
1.22E-06
-1.77E-06
7.23E-07
-2.74E-07
-1.77E-06
7.23E-07
-2.77E-06
-1.27E-06
-1.77E-06
2.25E-07
-4.27E-06
-1.27E-06
-1.27E-06
-2.27E-06
1.22E-06
-3.27E-06
-7.73E-07
2.22E-06
4.22E-06
-1.27E-06
-7.73E-07
7.23E-07
-2.27E-06
7.23E-07
-1.27E-06
2.25E-07
7.23E-07
2.25E-07
1.22E-06
5.71E-06
-3.27E-06
2.25E-07
-2.74E-07
-7.73E-07
2.72E-06
-2.74E-07
-1.27E-06
2.22E-06
-7.73E-07
-2.27E-06
4.72E-06
-1.77E-06
-7.73E-07
2.25E-07
-1.77E-06
-7.73E-07
7.23E-07
-2.74E-07
-1.77E-06
7.23E-07
-7.73E-07
-5.76E-06
2.72E-06
-7.73E-07
-7.73E-07
2.72E-06
-2.74E-07
2.25E-07
2.25E-07
-1.77E-06
2.25E-07
7.23E-07
1.22E-06
-2.74E-07
2.22E-06
-4.77E-06
3.72E-06
2.25E-07
-2.74E-07
2.72E-06
1.22E-06
-7.73E-07
2.22E-06
5.21E-06
-1.77E-06
3.22E-06
-1.27E-06
1.72E-06
7.23E-07
-1.27E-06
-2.74E-07
2.22E-06
-1.27E-06
-7.73E-07
2.25E-07
-7.73E-07
-2.74E-07
-1.77E-06
-2.27E-06
-1.27E-06
-1.27E-06
-2.77E-06
-7.73E-07
-2.77E-06
-2.77E-06
3.22E-06
1.22E-06
-2.77E-06
1.72E-06
-1.77E-06
-7.73E-07
1.22E-06
-1.77E-06
-1.77E-06
2.22E-06
1.72E-06
-5.76E-06
4.22E-06
-2.74E-07
-1.27E-06
6.21E-06
-2.74E-07
1.72E-06
3.22E-06
1.22E-06
2.25E-07
7.23E-07
7.23E-07
-7.73E-07
1.22E-06
-1.27E-06
1.72E-06
-2.74E-07
-2.77E-06
7.23E-07
-1.27E-06
-1.77E-06
1.22E-06
-2.74E-07
-7.26E-06
7.23E-07
-7.73E-07
-2.27E-06
3.22E-06
2.25E-07
-1.77E-06
7.23E-07
-1.77E-06
1.22E-06
3.22E-06
3.72E-06
-7.73E-07
1.72E-06
-2.27E-06
2.72E-06
-2.74E-07
-7.73E-07
7.23E-07
1.72E-06
2.25E-07
2.72E-06
6.71E-06
-2.77E-06
3.22E-06
-2.74E-07
2.25E-07
1.22E-06
-2.74E-07
-7.73E-07
2.72E-06
-2.74E-07
2.25E-07
7.23E-07
1.22E-06
-1.27E-06
3.22E-06
-3.27E-06
7.23E-07
7.23E-07
-1.77E-06
-2.27E-06
2.25E-07
-1.77E-06
-7.73E-07
3.72E-06
-7.73E-07
2.22E-06
7.23E-07
-7.73E-07
1.22E-06
-1.27E-06
-1.27E-06
2.72E-06
-2.74E-07
-7.73E-07
2.25E-07
3.22E-06
-2.74E-07
7.71E-06
2.25E-07
1.22E-06
3.22E-06
1.72E-06
-2.74E-07
1.22E-06
2.22E-06
-7.73E-07
4.22E-06
-7.73E-07
2.72E-06
1.72E-06
-2.74E-07
7.23E-07
2.25E-07
-7.73E-07
2.25E-07
1.22E-06
-6.76E-06
2.25E-07
-1.77E-06
-2.77E-06
1.22E-06
-2.74E-07
-1.27E-06
2.25E-07
-7.73E-07
-1.77E-06
1.72E-06
-4.27E-06
-1.77E-06
1.72E-06
-2.77E-06
-7.73E-07
2.25E-07
-7.73E-07
-2.74E-07
2.72E-06
-2.74E-07
-1.27E-06
4.72E-06
-2.74E-07
-2.74E-07
-2.74E-07
-7.73E-07
1.22E-06
1.22E-06
-2.74E-07
-7.73E-07
-2.74E-07
-2.77E-06
3.72E-06
-2.77E-06
-2.77E-06
-2.74E-07
-3.27E-06
7.23E-07
2.25E-07
-2.74E-07
-2.27E-06
1.22E-06
-7.73E-07
-2.74E-07
-1.27E-06
-7.73E-07
-1.77E-06
2.22E-06
-1.27E-06
-1.27E-06
2.72E-06
-7.73E-07
1.22E-06
-2.74E-07
-7.73E-07
2.72E-06
-2.74E-07
-1.77E-06
-1.27E-06
7.23E-07
-7.73E-07
1.72E-06
-2.74E-07
-7.73E-07
1.22E-06
3.72E-06
-4.77E-06
3.72E-06
-3.27E-06
3.22E-06
1.22E-06
2.25E-07
-2.74E-07
7.23E-07
-2.77E-06
-2.74E-07
4.72E-06
-1.77E-06
2.25E-07
-7.73E-07
1.22E-06
-2.74E-07
-2.74E-07
-1.77E-06
2.25E-07
-7.73E-07
-7.73E-07
1.22E-06
-6.76E-06
-7.73E-07
1.72E-06
-7.73E-07
-2.74E-07
2.25E-07
2.25E-07
2.25E-07
2.22E-06
2.25E-07
7.23E-07
-2.77E-06
1.22E-06
-1.27E-06
7.23E-07
-7.73E-07
-2.74E-07
1.22E-06
-7.73E-07
-2.74E-07
1.22E-06
-7.73E-07
-3.27E-06
1.22E-06
-1.77E-06
-2.74E-07
1.72E-06
-2.27E-06
2.25E-07
-1.27E-06
-2.27E-06
7.23E-07
2.25E-07
-8.26E-06
1.22E-06
7.23E-07
-7.73E-07
2.72E-06
2.25E-07
2.25E-07
2.22E-06
-1.27E-06
2.25E-07
1.22E-06
-3.27E-06
1.22E-06
2.22E-06
-1.77E-06
2.25E-07
-7.73E-07
-1.77E-06
1.72E-06
-1.27E-06
-2.27E-06
2.25E-07
3.72E-06
-2.77E-06
1.22E-06
2.22E-06
-2.27E-06
1.72E-06
-7.73E-07
-1.27E-06
2.25E-07
-1.27E-06
-7.73E-07
5.71E-06
-4.27E-06
-2.74E-07
7.23E-07
-7.73E-07
-1.27E-06
1.22E-06
-1.77E-06
-2.74E-07
1.72E-06
-2.74E-07
2.72E-06
-1.27E-06
-1.27E-06
-2.74E-07
2.72E-06
-1.27E-06
1.72E-06
1.22E-06
2.25E-07
1.72E-06
2.25E-07
4.72E-06
1.22E-06
7.23E-07
-7.73E-07
1.22E-06
2.25E-07
2.22E-06
3.72E-06
-1.27E-06
2.25E-07
1.22E-06
3.72E-06
-7.73E-07
2.25E-07
2.25E-07
-1.77E-06
1.72E-06
-2.77E-06
-7.73E-07
-2.74E-07
-2.27E-06
7.23E-07
1.22E-06
-2.27E-06
2.25E-07
2.22E-06
-2.27E-06
7.23E-07
-1.77E-06
-7.73E-07
1.72E-06
2.25E-07
2.25E-07
7.23E-07
-1.77E-06
2.25E-07
2.25E-07
-1.27E-06
-7.73E-07
7.23E-07
-2.27E-06
1.22E-06
7.23E-07
-1.77E-06
-1.27E-06
3.22E-06
-1.27E-06
2.22E-06
-1.27E-06
