-1.63E-06
3.67E-07
-3.62E-06
-1.63E-06
-1.63E-06
8.66E-07
-2.13E-06
1.86E-06
-6.31E-07
-6.31E-07
1.86E-06
-6.31E-07
4.86E-06
-6.31E-07
-1.32E-07
8.66E-07
3.67E-07
-1.63E-06
8.66E-07
3.67E-07
-1.13E-06
8.66E-07
1.86E-06
4.86E-06
-1.63E-06
1.37E-06
-2.63E-06
3.36E-06
-1.13E-06
-1.63E-06
3.67E-07
-1.32E-07
-6.31E-07
8.66E-07
3.67E-07
-1.13E-06
2.36E-06
-2.13E-06
8.66E-07
-6.31E-07
-1.13E-06
-6.31E-07
2.36E-06
-6.31E-07
-6.31E-07
1.86E-06
-1.63E-06
3.67E-07
3.67E-07
2.36E-06
-1.32E-07
2.36E-06
-1.32E-07
8.66E-07
2.36E-06
8.66E-07
-5.12E-06
6.85E-06
-6.31E-07
-1.32E-07
4.36E-06
-1.32E-07
2.36E-06
1.86E-06
-6.31E-07
1.86E-06
-6.31E-07
1.86E-06
-2.63E-06
3.67E-07
-3.13E-06
3.86E-06
-3.13E-06
-1.63E-06
8.66E-07
-6.31E-07
-1.63E-06
-1.13E-06
-2.13E-06
-3.62E-06
1.37E-06
-3.13E-06
1.86E-06
3.67E-07
3.67E-07
-6.31E-07
-6.31E-07
-1.13E-06
-1.32E-07
1.37E-06
-4.12E-06
-1.32E-07
8.66E-07
-6.31E-07
3.67E-07
-1.32E-07
-1.63E-06
8.66E-07
1.37E-06
-1.13E-06
1.37E-06
2.36E-06
-3.62E-06
1.86E-06
-1.63E-06
-6.31E-07
-1.32E-07
-1.63E-06
-6.31E-07
2.36E-06
-1.13E-06
-1.13E-06
4.36E-06
-3.62E-06
-2.13E-06
-1.63E-06
-2.63E-06
-6.31E-07
1.37E-06
-1.63E-06
1.86E-06
8.66E-07
-1.13E-06
5.86E-06
-2.13E-06
-1.13E-06
3.67E-07
-1.13E-06
3.67E-07
1.37E-06
8.66E-07
-1.32E-07
3.36E-06
8.66E-07
2.86E-06
4.36E-06
1.37E-06
3.36E-06
3.67E-07
1.37E-06
1.37E-06
2.36E-06
3.67E-07
-6.31E-07
1.86E-06
1.37E-06
1.86E-06
3.67E-07
1.86E-06
-3.13E-06
3.67E-07
-1.13E-06
-6.31E-07
-1.13E-06
-2.63E-06
-1.32E-07
-1.63E-06
-2.63E-06
3.67E-07
-1.63E-06
-1.63E-06
-1.13E-06
-6.31E-07
-2.63E-06
8.66E-07
-1.32E-07
-2.13E-06
3.67E-07
-5.12E-06
-1.32E-07
2.36E-06
3.36E-06
-1.13E-06
3.67E-07
8.66E-07
8.66E-07
1.86E-06
-1.13E-06
3.67E-07
-1.63E-06
3.67E-07
-2.13E-06
-1.13E-06
-3.13E-06
-6.31E-07
3.67E-07
-6.31E-07
1.37E-06
8.66E-07
-1.63E-06
-1.13E-06
3.67E-07
-3.62E-06
-6.31E-07
-6.31E-07
-4.12E-06
3.67E-07
-6.31E-07
-1.63E-06
8.66E-07
3.67E-07
-8.61E-06
3.67E-07
1.86E-06
-2.13E-06
1.86E-06
-1.32E-07
-6.31E-07
1.37E-06
-6.31E-07
3.67E-07
8.66E-07
-4.12E-06
1.37E-06
1.37E-06
-1.32E-07
1.37E-06
-6.31E-07
-1.63E-06
1.86E-06
1.37E-06
-6.31E-07
1.86E-06
2.36E-06
-1.63E-06
3.67E-07
2.36E-06
-3.13E-06
8.66E-07
-1.13E-06
-2.13E-06
-6.31E-07
-1.63E-06
-2.63E-06
4.36E-06
-3.62E-06
-1.13E-06
-2.13E-06
-1.32E-07
-1.63E-06
8.66E-07
-1.63E-06
8.66E-07
1.37E-06
-6.31E-07
3.36E-06
8.66E-07
-1.32E-07
8.66E-07
1.86E-06
-1.13E-06
2.86E-06
3.67E-07
-1.13E-06
1.37E-06
3.67E-07
2.36E-06
-1.32E-07
-1.32E-07
-2.13E-06
3.67E-07
8.66E-07
3.67E-07
1.37E-06
-6.31E-07
3.67E-07
1.86E-06
6.35E-06
-1.63E-06
3.67E-07
1.37E-06
-2.63E-06
1.86E-06
-2.13E-06
-1.13E-06
1.37E-06
-1.63E-06
-6.31E-07
4.36E-06
-4.12E-06
8.66E-07
-2.13E-06
3.67E-07
3.67E-07
-1.13E-06
-2.63E-06
3.67E-07
-1.32E-07
-1.63E-06
3.67E-07
3.67E-07
-1.63E-06
8.66E-07
-1.32E-07
3.67E-07
3.36E-06
1.37E-06
3.67E-07
8.66E-07
-6.31E-07
-2.13E-06
3.36E-06
-1.63E-06
-6.31E-07
-1.32E-07
3.67E-07
-6.31E-07
-6.31E-07
-2.63E-06
-1.32E-07
8.66E-07
8.66E-07
-2.13E-06
-1.32E-07
-3.62E-06
8.66E-07
-6.31E-07
-2.63E-06
-6.31E-07
1.86E-06
-1.13E-06
1.37E-06
5.86E-06
-3.62E-06
-1.32E-07
-1.13E-06
-6.31E-07
2.36E-06
1.86E-06
-6.31E-07
1.86E-06
-1.32E-07
-1.32E-07
-1.13E-06
8.66E-07
-6.31E-07
-1.32E-07
-1.63E-06
8.66E-07
2.36E-06
-1.63E-06
-1.32E-07
1.37E-06
-2.13E-06
3.36E-06
2.86E-06
-3.62E-06
1.86E-06
-1.63E-06
-6.31E-07
3.67E-07
-6.31E-07
-2.63E-06
8.66E-07
-1.32E-07
-4.62E-06
3.36E-06
-1.13E-06
-1.32E-07
-1.63E-06
-1.63E-06
-1.63E-06
3.67E-07
-1.32E-07
-1.13E-06
-6.31E-07
-9.61E-06
2.86E-06
1.37E-06
-3.13E-06
1.86E-06
-1.32E-07
8.66E-07
8.66E-07
1.37E-06
-6.31E-07
1.37E-06
4.86E-06
1.86E-06
8.66E-07
3.36E-06
-1.63E-06
8.66E-07
-1.32E-07
-1.13E-06
8.66E-07
8.66E-07
-1.13E-06
2.86E-06
1.37E-06
-2.13E-06
8.66E-07
-1.63E-06
-1.32E-07
1.86E-06
-1.13E-06
3.67E-07
1.37E-06
-1.63E-06
-4.62E-06
4.36E-06
-3.13E-06
-1.63E-06
1.86E-06
-2.13E-06
1.37E-06
3.67E-07
3.67E-07
3.36E-06
8.66E-07
-8.12E-06
6.35E-06
1.37E-06
8.66E-07
4.36E-06
-2.63E-06
3.67E-07
1.86E-06
-6.31E-07
1.37E-06
-1.32E-07
-6.62E-06
2.36E-06
1.86E-06
-1.32E-07
-1.13E-06
-1.32E-07
-1.32E-07
1.86E-06
3.67E-07
-6.31E-07
2.36E-06
-1.32E-07
-2.63E-06
1.37E-06
-1.63E-06
-2.13E-06
4.36E-06
-6.31E-07
-1.32E-07
1.37E-06
-6.31E-07
-1.32E-07
5.86E-06
-3.62E-06
1.86E-06
1.37E-06
3.67E-07
1.37E-06
8.66E-07
-1.32E-07
1.37E-06
8.66E-07
-6.31E-07
3.86E-06
-1.32E-07
1.86E-06
-6.31E-07
1.37E-06
-3.13E-06
1.37E-06
3.67E-07
-1.13E-06
8.66E-07
-2.13E-06
-1.13E-06
-6.31E-07
-1.32E-07
-1.63E-06
3.67E-07
-1.63E-06
-1.32E-07
8.66E-07
-3.13E-06
8.66E-07
1.37E-06
-6.31E-07
-5.12E-06
1.37E-06
-2.63E-06
-2.13E-06
8.66E-07
-2.63E-06
1.86E-06
-6.31E-07
3.67E-07
2.36E-06
3.67E-07
-5.12E-06
2.36E-06
1.37E-06
-6.31E-07
3.36E-06
1.37E-06
8.66E-07
2.86E-06
-1.13E-06
-1.32E-07
1.86E-06
-1.32E-07
