2.60E-07
-6.73E-06
2.60E-07
-2.23E-06
-7.37E-07
2.26E-06
-2.23E-06
-2.39E-07
7.59E-07
-3.73E-06
2.60E-07
7.59E-07
4.25E-06
-2.39E-07
1.76E-06
-2.39E-07
5.25E-06
-2.39E-07
7.59E-07
2.76E-06
7.59E-07
7.59E-07
7.59E-07
7.59E-07
7.59E-07
3.25E-06
-7.37E-07
3.25E-06
-2.39E-07
-1.74E-06
7.59E-07
2.60E-07
-2.73E-06
7.59E-07
-1.74E-06
-4.73E-06
4.25E-06
-1.74E-06
7.59E-07
2.60E-07
-3.23E-06
-7.37E-07
-1.24E-06
-2.23E-06
-2.39E-07
-2.39E-07
-5.23E-06
1.76E-06
-2.39E-07
-7.37E-07
2.76E-06
2.60E-07
1.26E-06
1.26E-06
-1.74E-06
1.76E-06
2.26E-06
2.60E-07
-7.37E-07
7.59E-07
-4.23E-06
3.75E-06
2.60E-07
-2.39E-07
1.76E-06
2.60E-07
2.60E-07
2.26E-06
2.60E-07
-3.73E-06
1.26E-06
-2.73E-06
2.26E-06
-1.24E-06
-2.73E-06
-2.39E-07
-7.37E-07
-1.74E-06
1.26E-06
3.25E-06
-2.23E-06
7.59E-07
-1.74E-06
2.60E-07
2.60E-07
-1.24E-06
2.60E-07
2.26E-06
-1.24E-06
7.59E-07
5.75E-06
-1.24E-06
1.76E-06
1.76E-06
-7.37E-07
2.26E-06
2.60E-07
-2.39E-07
3.25E-06
1.26E-06
1.26E-06
1.26E-06
3.25E-06
1.76E-06
4.25E-06
-4.23E-06
1.26E-06
2.60E-07
-2.73E-06
2.60E-07
-1.74E-06
-2.73E-06
1.76E-06
7.59E-07
-2.73E-06
7.59E-07
-3.23E-06
-7.37E-07
1.26E-06
-1.74E-06
-7.37E-07
2.60E-07
-1.24E-06
1.26E-06
3.25E-06
-2.23E-06
1.76E-06
-1.74E-06
-1.24E-06
1.76E-06
-1.24E-06
-7.37E-07
2.76E-06
2.60E-07
-5.23E-06
4.75E-06
-2.23E-06
1.76E-06
2.60E-07
-7.37E-07
7.59E-07
-2.39E-07
-7.37E-07
1.26E-06
-2.39E-07
-3.73E-06
-1.24E-06
-7.37E-07
-2.23E-06
2.76E-06
-2.23E-06
-2.39E-07
-2.39E-07
-3.73E-06
2.60E-07
2.60E-07
2.26E-06
-3.23E-06
2.60E-07
-2.73E-06
3.75E-06
-1.24E-06
-7.37E-07
1.26E-06
-1.24E-06
-7.37E-07
2.60E-07
1.76E-06
2.60E-07
2.76E-06
-1.24E-06
4.25E-06
2.60E-07
-2.39E-07
2.76E-06
7.59E-07
-7.37E-07
1.26E-06
-1.24E-06
-7.37E-07
2.76E-06
-1.24E-06
7.59E-07
-2.39E-07
-3.23E-06
-7.37E-07
-1.74E-06
-2.73E-06
-2.39E-07
-1.24E-06
-6.23E-06
2.60E-07
-2.73E-06
-2.23E-06
1.26E-06
-1.24E-06
-2.39E-07
2.60E-07
-7.37E-07
1.76E-06
1.76E-06
7.59E-07
-2.39E-07
1.26E-06
-5.23E-06
2.26E-06
2.60E-07
-7.37E-07
1.76E-06
-1.24E-06
-7.37E-07
2.26E-06
1.26E-06
-2.23E-06
1.76E-06
-2.73E-06
3.75E-06
-1.74E-06
-2.23E-06
1.26E-06
-2.39E-07
-1.24E-06
1.26E-06
1.76E-06
-1.74E-06
1.26E-06
-1.24E-06
-1.24E-06
2.60E-07
-2.23E-06
-7.37E-07
1.26E-06
-3.23E-06
-1.24E-06
4.25E-06
-4.23E-06
-1.24E-06
-2.23E-06
-4.73E-06
-1.24E-06
-2.23E-06
-2.23E-06
2.60E-07
-1.74E-06
-7.37E-07
-7.37E-07
1.26E-06
-2.39E-07
2.76E-06
-4.23E-06
7.59E-07
1.76E-06
-7.37E-07
7.59E-07
7.59E-07
-7.37E-07
3.75E-06
3.25E-06
-2.23E-06
2.76E-06
-3.23E-06
2.60E-07
2.76E-06
-7.37E-07
2.60E-07
2.60E-07
-2.23E-06
-1.24E-06
2.76E-06
-1.74E-06
1.76E-06
-7.37E-07
-2.23E-06
1.26E-06
-1.24E-06
-1.24E-06
1.26E-06
2.60E-07
-8.22E-06
3.25E-06
-7.37E-07
-2.39E-07
2.26E-06
-2.23E-06
-2.39E-07
-2.39E-07
-3.73E-06
-1.24E-06
-1.24E-06
2.26E-06
-1.74E-06
7.59E-07
-2.73E-06
5.75E-06
-1.24E-06
-1.24E-06
1.26E-06
-1.74E-06
2.60E-07
7.59E-07
2.60E-07
2.60E-07
2.76E-06
-2.39E-07
2.26E-06
-1.24E-06
-1.24E-06
1.26E-06
2.60E-07
-1.24E-06
-2.39E-07
-1.24E-06
-2.23E-06
2.76E-06
-1.24E-06
2.76E-06
1.26E-06
-2.73E-06
1.26E-06
7.59E-07
-1.74E-06
1.76E-06
2.60E-07
-4.23E-06
2.26E-06
2.60E-07
-7.37E-07
2.76E-06
7.59E-07
-2.39E-07
1.26E-06
-1.24E-06
2.60E-07
1.26E-06
1.26E-06
-1.74E-06
2.60E-07
-3.73E-06
3.75E-06
-2.39E-07
-7.37E-07
1.26E-06
-7.37E-07
-7.37E-07
1.76E-06
-2.39E-07
-3.23E-06
7.59E-07
-4.23E-06
7.59E-07
-1.24E-06
-2.23E-06
-7.37E-07
7.59E-07
-2.39E-07
7.59E-07
4.25E-06
-2.23E-06
7.59E-07
-2.73E-06
-1.24E-06
1.26E-06
-2.73E-06
-2.39E-07
2.76E-06
-1.24E-06
1.26E-06
5.75E-06
-2.23E-06
7.59E-07
-2.39E-07
-2.23E-06
1.76E-06
1.26E-06
2.60E-07
7.59E-07
-1.24E-06
2.60E-07
2.60E-07
2.76E-06
2.60E-07
3.75E-06
-4.73E-06
1.76E-06
1.26E-06
-1.24E-06
-2.39E-07
1.26E-06
-3.23E-06
2.26E-06
7.59E-07
-2.23E-06
1.26E-06
-1.74E-06
-1.74E-06
1.26E-06
-1.74E-06
-1.24E-06
1.26E-06
-2.39E-07
-6.73E-06
4.25E-06
-2.23E-06
2.76E-06
1.76E-06
-1.24E-06
2.26E-06
7.59E-07
-2.39E-07
2.26E-06
2.60E-07
-1.74E-06
-2.39E-07
7.59E-07
-1.74E-06
5.75E-06
-2.73E-06
2.60E-07
7.59E-07
-1.74E-06
1.26E-06
7.59E-07
3.25E-06
-1.24E-06
1.26E-06
-1.24E-06
2.76E-06
-2.39E-07
2.60E-07
7.59E-07
2.60E-07
7.59E-07
7.59E-07
-2.39E-07
-1.24E-06
2.76E-06
-1.24E-06
1.26E-06
1.26E-06
-2.73E-06
1.26E-06
1.26E-06
-7.37E-07
2.60E-07
2.60E-07
-5.73E-06
1.26E-06
-2.39E-07
2.60E-07
1.26E-06
-7.37E-07
-7.37E-07
2.60E-07
-2.23E-06
7.59E-07
7.59E-07
2.60E-07
-2.39E-07
2.60E-07
-3.73E-06
2.76E-06
1.76E-06
-2.39E-07
2.26E-06
-1.24E-06
-2.39E-07
1.26E-06
2.26E-06
-1.74E-06
1.76E-06
-2.23E-06
2.26E-06
2.60E-07
-1.24E-06
2.60E-07
-2.39E-07
1.26E-06
1.76E-06
2.26E-06
-1.74E-06
1.76E-06
-2.73E-06
1.26E-06
7.59E-07
-7.37E-07
2.76E-06
1.26E-06
-2.39E-07
2.76E-06
3.75E-06
-1.24E-06
1.76E-06
-2.39E-07
1.76E-06
7.59E-07
-2.39E-07
-2.39E-07
1.26E-06
-7.37E-07
1.76E-06
