-6.68E-07
1.33E-06
-2.66E-06
-1.67E-06
1.33E-06
-1.67E-06
1.33E-06
2.83E-06
-1.67E-06
1.83E-06
-1.69E-07
-1.67E-06
3.30E-07
-6.68E-07
-5.66E-06
2.83E-06
-1.69E-07
-1.67E-06
3.82E-06
3.30E-07
-1.69E-07
2.33E-06
-1.17E-06
1.33E-06
2.83E-06
1.33E-06
-1.67E-06
1.83E-06
-4.16E-06
1.33E-06
-6.68E-07
-1.67E-06
8.29E-07
-1.17E-06
-1.17E-06
8.29E-07
-1.69E-07
-1.67E-06
8.29E-07
-3.66E-06
1.33E-06
8.29E-07
-3.66E-06
3.30E-07
3.30E-07
-1.67E-06
8.29E-07
5.32E-06
-1.67E-06
1.83E-06
8.29E-07
-1.17E-06
2.83E-06
-6.68E-07
8.29E-07
3.32E-06
8.29E-07
1.33E-06
2.33E-06
-1.67E-06
3.30E-07
1.83E-06
-2.66E-06
1.83E-06
3.30E-07
-6.68E-07
1.33E-06
-1.17E-06
-1.69E-07
-6.68E-07
1.83E-06
-2.66E-06
3.32E-06
-5.16E-06
-1.69E-07
2.33E-06
-1.17E-06
-6.68E-07
-6.68E-07
-3.16E-06
2.83E-06
2.33E-06
-1.67E-06
2.83E-06
-6.68E-07
-1.69E-07
3.32E-06
-6.68E-07
-6.68E-07
1.33E-06
-1.67E-06
-1.17E-06
4.32E-06
-1.67E-06
2.33E-06
1.83E-06
-6.68E-07
2.33E-06
8.29E-07
3.30E-07
8.29E-07
8.29E-07
-8.65E-06
2.83E-06
-3.16E-06
-6.68E-07
1.83E-06
-2.66E-06
-1.69E-07
-1.17E-06
-3.66E-06
3.30E-07
-6.68E-07
-1.17E-06
-3.16E-06
-6.68E-07
-3.16E-06
4.82E-06
-3.16E-06
-1.67E-06
1.83E-06
-1.67E-06
-1.69E-07
-1.69E-07
1.33E-06
-6.68E-07
8.29E-07
-2.66E-06
3.32E-06
-1.69E-07
-6.68E-07
3.82E-06
1.33E-06
1.33E-06
1.83E-06
-6.68E-07
-3.66E-06
4.82E-06
8.29E-07
3.30E-07
4.32E-06
-6.68E-07
8.29E-07
1.33E-06
-2.16E-06
-1.69E-07
8.29E-07
-1.17E-06
-2.16E-06
3.30E-07
-4.16E-06
2.83E-06
-1.69E-07
-6.68E-07
-6.68E-07
-1.67E-06
-1.17E-06
3.30E-07
-6.68E-07
-4.16E-06
-6.68E-07
-4.66E-06
8.29E-07
-6.68E-07
-2.16E-06
3.30E-07
-1.69E-07
-1.67E-06
8.29E-07
4.32E-06
-1.67E-06
1.33E-06
3.30E-07
-1.67E-06
2.33E-06
8.29E-07
1.83E-06
3.32E-06
-1.17E-06
1.33E-06
1.33E-06
-1.17E-06
-1.17E-06
2.83E-06
-5.66E-06
8.29E-07
-1.69E-07
-1.17E-06
8.29E-07
-6.68E-07
-6.68E-07
3.30E-07
2.83E-06
-1.67E-06
3.32E-06
-5.16E-06
-6.68E-07
3.30E-07
-6.68E-07
-6.68E-07
8.29E-07
-2.16E-06
3.32E-06
2.83E-06
-6.68E-07
3.32E-06
-1.17E-06
-1.69E-07
3.32E-06
-1.17E-06
-1.69E-07
2.33E-06
-6.68E-07
-7.15E-06
5.32E-06
-2.16E-06
-1.69E-07
2.33E-06
-2.16E-06
8.29E-07
8.29E-07
-1.67E-06
1.33E-06
3.30E-07
-1.17E-06
-6.68E-07
3.30E-07
-3.66E-06
3.82E-06
-3.16E-06
-1.67E-06
8.29E-07
-3.16E-06
-1.69E-07
-1.69E-07
2.33E-06
-1.67E-06
-1.69E-07
-3.16E-06
1.33E-06
-2.16E-06
-2.66E-06
8.29E-07
3.30E-07
-6.68E-07
8.29E-07
-6.68E-07
-1.67E-06
2.83E-06
-6.68E-07
8.29E-07
1.33E-06
-1.17E-06
2.83E-06
3.30E-07
-1.17E-06
1.83E-06
-1.69E-07
-7.15E-06
2.33E-06
-6.68E-07
-1.67E-06
2.83E-06
-1.67E-06
-6.68E-07
3.30E-07
-2.16E-06
-6.68E-07
-1.69E-07
1.33E-06
-3.66E-06
-1.69E-07
-5.66E-06
8.29E-07
-6.68E-07
-2.66E-06
8.29E-07
-6.68E-07
-6.68E-07
1.83E-06
2.83E-06
-1.17E-06
2.83E-06
-6.68E-07
8.29E-07
2.33E-06
-1.67E-06
8.29E-07
2.83E-06
-6.68E-07
3.30E-07
5.82E-06
-1.67E-06
1.33E-06
2.83E-06
-2.66E-06
1.83E-06
-6.68E-07
-1.69E-07
2.33E-06
-1.69E-07
-1.69E-07
-1.17E-06
3.30E-07
-6.68E-07
3.82E-06
-4.66E-06
3.30E-07
8.29E-07
-6.68E-07
1.33E-06
8.29E-07
-2.16E-06
2.83E-06
2.33E-06
-2.66E-06
1.83E-06
-1.17E-06
-1.17E-06
2.83E-06
-6.68E-07
8.29E-07
2.83E-06
1.83E-06
-7.15E-06
5.82E-06
-1.67E-06
-1.69E-07
2.33E-06
-1.17E-06
1.33E-06
8.29E-07
-2.16E-06
8.29E-07
3.30E-07
3.30E-07
-6.68E-07
1.33E-06
-2.16E-06
5.82E-06
-1.17E-06
3.30E-07
1.33E-06
-1.67E-06
-1.69E-07
3.30E-07
-6.68E-07
-6.68E-07
2.33E-06
-3.16E-06
2.33E-06
-6.68E-07
-2.16E-06
3.30E-07
-1.67E-06
-2.66E-06
-6.68E-07
-3.16E-06
-7.65E-06
2.83E-06
-1.67E-06
-2.66E-06
2.83E-06
-3.16E-06
-6.68E-07
8.29E-07
-1.17E-06
8.29E-07
8.29E-07
3.30E-07
-1.69E-07
1.33E-06
-3.66E-06
4.32E-06
1.33E-06
-6.68E-07
1.33E-06
-1.17E-06
3.30E-07
1.83E-06
8.29E-07
-2.16E-06
2.33E-06
-4.16E-06
-6.68E-07
3.30E-07
-3.16E-06
8.29E-07
8.29E-07
-1.17E-06
8.29E-07
3.82E-06
-2.16E-06
8.29E-07
-1.69E-07
-6.68E-07
1.83E-06
3.30E-07
3.30E-07
2.83E-06
-1.69E-07
-6.68E-07
3.32E-06
-2.16E-06
3.30E-07
3.32E-06
-3.16E-06
2.33E-06
8.29E-07
-1.17E-06
2.33E-06
-1.69E-07
3.30E-07
8.29E-07
3.82E-06
-6.68E-07
4.32E-06
-4.16E-06
8.29E-07
1.83E-06
-2.16E-06
3.30E-07
1.33E-06
-1.17E-06
2.33E-06
2.83E-06
-2.66E-06
2.33E-06
-1.69E-07
-1.69E-07
2.33E-06
-2.16E-06
-1.69E-07
1.83E-06
3.30E-07
-9.65E-06
3.32E-06
-2.66E-06
-1.67E-06
3.82E-06
-2.66E-06
3.30E-07
8.29E-07
-2.66E-06
1.83E-06
1.33E-06
3.32E-06
-2.66E-06
1.83E-06
-2.16E-06
4.82E-06
-2.66E-06
-1.69E-07
3.32E-06
8.29E-07
1.83E-06
8.29E-07
-1.69E-07
-1.69E-07
2.33E-06
-6.68E-07
2.83E-06
8.29E-07
-2.66E-06
2.33E-06
3.30E-07
-1.67E-06
3.30E-07
-2.66E-06
-5.66E-06
1.83E-06
3.30E-07
-1.69E-07
1.33E-06
-2.16E-06
8.29E-07
-1.69E-07
-2.16E-06
3.30E-07
-1.17E-06
-4.66E-06
8.29E-07
-1.69E-07
-2.66E-06
3.82E-06
8.29E-07
-1.69E-07
1.33E-06
-6.68E-07
-6.68E-07
2.33E-06
2.33E-06
-2.16E-06
8.29E-07
-3.66E-06
2.33E-06
-1.69E-07
-1.17E-06
1.83E-06
3.30E-07
