-5.99E-07
1.90E-06
1.40E-06
-5.99E-07
-5.99E-07
3.39E-06
-1.60E-06
8.98E-07
-2.10E-06
1.90E-06
8.98E-07
-1.60E-06
-9.98E-08
3.99E-07
-3.09E-06
8.98E-07
2.40E-06
-2.59E-06
2.89E-06
-2.10E-06
-9.98E-08
1.40E-06
-1.10E-06
-5.99E-07
8.98E-07
3.99E-07
-6.59E-06
-9.98E-08
3.99E-07
-2.10E-06
5.89E-06
-2.10E-06
3.99E-07
2.40E-06
-1.60E-06
1.40E-06
8.98E-07
8.98E-07
-1.10E-06
2.89E-06
-1.60E-06
1.40E-06
1.90E-06
-2.10E-06
1.40E-06
-9.98E-08
-1.10E-06
-9.98E-08
-5.99E-07
-4.59E-06
3.39E-06
3.99E-07
-2.59E-06
1.40E-06
-5.99E-07
-9.98E-08
3.99E-07
-1.60E-06
8.98E-07
1.40E-06
1.90E-06
-1.60E-06
2.40E-06
-4.59E-06
3.99E-07
1.90E-06
-1.60E-06
8.98E-07
1.90E-06
-5.99E-07
2.40E-06
5.39E-06
-3.09E-06
-5.99E-07
3.99E-07
-3.09E-06
8.98E-07
-1.10E-06
-9.98E-08
1.40E-06
-9.98E-08
-9.98E-08
8.98E-07
3.99E-07
-1.60E-06
2.40E-06
-3.59E-06
-9.98E-08
1.90E-06
-1.60E-06
-5.99E-07
8.98E-07
-9.98E-08
-1.60E-06
3.39E-06
-2.59E-06
3.39E-06
-1.10E-06
-5.99E-07
3.99E-07
8.98E-07
-3.59E-06
1.90E-06
8.98E-07
-1.10E-06
3.89E-06
3.99E-07
1.90E-06
-1.60E-06
1.90E-06
3.99E-07
1.40E-06
1.90E-06
-5.99E-07
2.40E-06
-6.59E-06
3.89E-06
2.89E-06
3.99E-07
1.40E-06
3.99E-07
3.99E-07
3.99E-07
1.40E-06
-9.98E-08
-9.98E-08
-5.09E-06
3.99E-07
8.98E-07
8.98E-07
3.99E-07
-5.99E-07
3.99E-07
-2.10E-06
3.99E-07
8.98E-07
-9.98E-08
-7.09E-06
2.40E-06
-1.60E-06
-1.10E-06
2.40E-06
-3.59E-06
1.40E-06
3.99E-07
-9.98E-08
1.90E-06
-1.10E-06
-3.09E-06
3.99E-07
2.40E-06
-1.10E-06
-1.60E-06
-1.10E-06
-1.10E-06
1.40E-06
-2.10E-06
3.99E-07
2.40E-06
3.89E-06
-1.60E-06
2.89E-06
-1.60E-06
1.90E-06
8.98E-07
-1.60E-06
-9.98E-08
-5.99E-07
-2.10E-06
-9.98E-08
3.89E-06
-6.59E-06
1.40E-06
1.40E-06
-1.60E-06
-2.10E-06
3.99E-07
-1.60E-06
-9.98E-08
-5.99E-07
-2.10E-06
1.90E-06
-2.10E-06
8.98E-07
1.40E-06
1.90E-06
-1.60E-06
-5.99E-07
-9.98E-08
-1.60E-06
1.40E-06
-1.60E-06
-1.60E-06
-2.10E-06
-5.99E-07
-5.99E-07
1.40E-06
-1.10E-06
-1.60E-06
-5.99E-07
-2.10E-06
-5.99E-07
-9.98E-08
-1.10E-06
-4.59E-06
8.98E-07
-9.98E-08
-2.59E-06
1.90E-06
-5.99E-07
-9.98E-08
-1.60E-06
-2.10E-06
2.89E-06
-1.60E-06
-5.99E-07
1.40E-06
3.99E-07
-2.59E-06
1.40E-06
3.99E-07
-9.98E-08
3.39E-06
-9.98E-08
3.99E-07
8.98E-07
8.98E-07
-2.10E-06
8.98E-07
-5.99E-07
1.90E-06
-9.98E-08
-5.99E-07
8.98E-07
3.99E-07
-1.10E-06
1.90E-06
2.89E-06
-4.09E-06
8.98E-07
-2.59E-06
8.98E-07
1.90E-06
-5.99E-07
-1.60E-06
8.98E-07
-5.99E-07
-1.10E-06
1.90E-06
-3.59E-06
-2.10E-06
-1.60E-06
-5.99E-07
-2.10E-06
8.98E-07
-2.10E-06
-5.99E-07
-9.98E-08
-1.60E-06
-3.09E-06
1.40E-06
-1.60E-06
-2.59E-06
1.90E-06
-1.10E-06
1.40E-06
-5.99E-07
-1.10E-06
8.98E-07
3.99E-07
-2.10E-06
1.40E-06
1.40E-06
-2.59E-06
3.89E-06
-9.98E-08
-1.10E-06
-9.98E-08
-1.10E-06
-5.99E-07
2.40E-06
-5.99E-07
-3.09E-06
1.90E-06
-4.09E-06
8.98E-07
-9.98E-08
-1.60E-06
3.99E-07
8.98E-07
-1.10E-06
3.99E-07
6.39E-06
-2.10E-06
3.99E-07
-3.09E-06
-9.98E-08
8.98E-07
3.99E-07
-9.98E-08
2.89E-06
-9.98E-08
-5.99E-07
3.99E-07
3.89E-06
-1.10E-06
5.39E-06
-2.59E-06
-9.98E-08
2.89E-06
-1.60E-06
-1.10E-06
1.90E-06
-1.10E-06
-3.59E-06
2.89E-06
-3.09E-06
-2.10E-06
3.89E-06
-1.60E-06
-9.98E-08
1.40E-06
-2.10E-06
2.40E-06
1.40E-06
2.40E-06
-2.59E-06
1.90E-06
-2.10E-06
2.40E-06
-1.10E-06
-5.99E-07
2.40E-06
3.99E-07
-9.98E-08
8.98E-07
8.98E-07
-2.10E-06
3.89E-06
3.99E-07
-9.98E-08
4.89E-06
-5.99E-07
3.99E-07
1.40E-06
-1.10E-06
-9.98E-08
1.40E-06
-9.98E-08
-1.60E-06
1.40E-06
-3.59E-06
3.39E-06
8.98E-07
3.99E-07
1.40E-06
8.98E-07
-1.60E-06
1.90E-06
2.89E-06
-1.60E-06
4.39E-06
8.98E-07
-9.98E-08
3.39E-06
3.99E-07
-9.98E-08
3.39E-06
3.99E-07
-9.98E-08
8.88E-06
-1.10E-06
-9.98E-08
1.40E-06
-2.59E-06
1.90E-06
1.40E-06
-5.99E-07
8.98E-07
1.40E-06
-9.98E-08
4.39E-06
-9.98E-08
-2.59E-06
2.89E-06
-2.10E-06
-1.10E-06
3.99E-07
-9.98E-08
-1.60E-06
2.89E-06
1.40E-06
-4.59E-06
3.39E-06
-3.09E-06
-9.98E-08
-9.98E-08
3.99E-07
-5.99E-07
1.40E-06
-5.99E-07
-1.10E-06
3.99E-07
-7.09E-06
2.40E-06
8.98E-07
-1.60E-06
-2.59E-06
-1.10E-06
-2.10E-06
-2.10E-06
3.99E-07
-1.60E-06
-9.98E-08
-5.09E-06
3.39E-06
3.99E-07
1.40E-06
-1.10E-06
-9.98E-08
8.98E-07
-2.10E-06
8.98E-07
-1.10E-06
-2.59E-06
-3.09E-06
3.39E-06
-2.10E-06
-1.60E-06
3.99E-07
-1.60E-06
1.40E-06
-1.10E-06
-9.98E-08
2.89E-06
-9.98E-08
-6.09E-06
4.89E-06
-9.98E-08
-1.60E-06
3.39E-06
-5.09E-06
8.98E-07
1.40E-06
-5.99E-07
-5.99E-07
3.99E-07
-6.59E-06
3.39E-06
1.40E-06
3.99E-07
-1.10E-06
2.40E-06
3.99E-07
1.40E-06
3.99E-07
-1.60E-06
1.40E-06
1.90E-06
-5.59E-06
1.90E-06
2.40E-06
-1.10E-06
-9.98E-08
-9.98E-08
-5.99E-07
8.98E-07
8.98E-07
-5.99E-07
5.39E-06
-2.59E-06
3.99E-07
-9.98E-08
2.89E-06
-1.60E-06
1.90E-06
-9.98E-08
-9.98E-08
3.99E-07
-2.10E-06
2.89E-06
-5.99E-07
-9.98E-08
1.40E-06
8.98E-07
-9.98E-08
-9.98E-08
-9.98E-08
-2.10E-06
1.40E-06
3.99E-07
-2.59E-06
-2.59E-06
3.99E-07
-2.10E-06
-2.10E-06
2.89E-06
-2.10E-06
1.90E-06
-9.98E-08
