2.13E-06
-2.86E-06
-1.36E-06
-3.86E-06
-1.86E-06
6.33E-07
-1.36E-06
-3.65E-07
1.13E-06
-8.64E-07
-1.36E-06
5.62E-06
-1.36E-06
-3.65E-07
3.63E-06
-2.36E-06
2.63E-06
4.13E-06
6.33E-07
2.63E-06
2.13E-06
-8.64E-07
1.34E-07
3.13E-06
-2.86E-06
3.63E-06
-1.36E-06
-3.65E-07
2.63E-06
1.34E-07
-1.36E-06
1.63E-06
6.33E-07
1.34E-07
2.13E-06
-1.86E-06
2.63E-06
-8.64E-07
-1.36E-06
-1.36E-06
6.33E-07
-1.86E-06
-3.65E-07
-8.64E-07
-8.64E-07
3.13E-06
1.13E-06
6.33E-07
-1.86E-06
1.13E-06
-1.36E-06
1.63E-06
6.33E-07
-1.36E-06
6.33E-07
-1.86E-06
1.63E-06
-8.64E-07
3.13E-06
1.63E-06
2.13E-06
6.33E-07
1.13E-06
1.63E-06
-8.64E-07
2.13E-06
-3.65E-07
-3.65E-07
-1.36E-06
-3.65E-07
-3.36E-06
1.63E-06
1.34E-07
-2.36E-06
1.34E-07
-1.86E-06
-2.36E-06
-8.64E-07
1.63E-06
-2.86E-06
-2.86E-06
6.33E-07
-3.36E-06
-8.64E-07
-1.36E-06
-1.86E-06
1.13E-06
-1.36E-06
1.34E-07
3.13E-06
-3.65E-07
-3.65E-07
1.13E-06
-1.86E-06
1.13E-06
2.13E-06
-8.64E-07
6.33E-07
1.34E-07
-8.64E-07
3.63E-06
-8.64E-07
-1.36E-06
2.13E-06
1.34E-07
-2.36E-06
2.13E-06
-1.86E-06
-2.86E-06
1.34E-07
-4.86E-06
6.33E-07
-1.36E-06
-1.36E-06
-4.36E-06
6.33E-07
-2.86E-06
-1.36E-06
-3.65E-07
-1.36E-06
-3.65E-07
-8.35E-06
1.63E-06
1.34E-07
1.13E-06
1.34E-07
-3.65E-07
6.33E-07
1.34E-07
2.13E-06
1.63E-06
-8.64E-07
-4.86E-06
1.63E-06
1.63E-06
1.63E-06
3.63E-06
1.34E-07
2.63E-06
1.63E-06
6.33E-07
1.13E-06
1.34E-07
-3.65E-07
6.33E-07
1.13E-06
6.33E-07
2.13E-06
-1.86E-06
1.13E-06
1.34E-07
-1.36E-06
1.34E-07
-8.64E-07
1.63E-06
-3.36E-06
-8.64E-07
-3.86E-06
2.63E-06
-1.86E-06
-2.36E-06
6.33E-07
-1.36E-06
-1.36E-06
2.63E-06
3.63E-06
-3.86E-06
2.63E-06
-1.86E-06
2.13E-06
-3.65E-07
-2.36E-06
-8.64E-07
1.63E-06
-8.64E-07
6.33E-07
1.13E-06
-2.36E-06
3.13E-06
-1.36E-06
1.13E-06
1.13E-06
1.34E-07
-1.36E-06
6.33E-07
-1.36E-06
-1.36E-06
4.62E-06
2.63E-06
-1.86E-06
2.13E-06
-1.36E-06
-1.86E-06
1.63E-06
-8.64E-07
-1.36E-06
6.33E-07
-1.86E-06
-6.35E-06
4.62E-06
-3.36E-06
-3.65E-07
1.13E-06
-2.36E-06
-8.64E-07
-3.65E-07
-2.36E-06
6.33E-07
6.33E-07
4.13E-06
1.34E-07
2.13E-06
1.63E-06
2.63E-06
-3.65E-07
1.63E-06
3.63E-06
6.33E-07
1.34E-07
1.63E-06
-1.36E-06
-3.65E-07
3.63E-06
-1.86E-06
3.13E-06
1.13E-06
-1.86E-06
1.63E-06
1.34E-07
-2.36E-06
1.13E-06
6.33E-07
-4.86E-06
1.13E-06
-1.36E-06
-3.36E-06
3.13E-06
6.33E-07
-1.36E-06
2.13E-06
-8.64E-07
1.34E-07
2.13E-06
2.63E-06
-1.86E-06
2.63E-06
-2.36E-06
6.33E-07
-3.65E-07
-2.86E-06
-3.65E-07
-3.65E-07
-1.86E-06
-3.65E-07
5.12E-06
-3.36E-06
1.13E-06
2.13E-06
-4.86E-06
1.34E-07
-1.86E-06
-8.64E-07
1.63E-06
-8.64E-07
-1.86E-06
-8.64E-07
2.13E-06
-3.65E-07
3.63E-06
-2.86E-06
6.33E-07
2.13E-06
-1.86E-06
1.34E-07
1.34E-07
-8.64E-07
-3.65E-07
3.63E-06
-2.36E-06
1.63E-06
6.33E-07
-1.86E-06
-8.64E-07
1.34E-07
-2.36E-06
6.33E-07
6.33E-07
-3.65E-07
-1.36E-06
2.13E-06
-1.86E-06
5.12E-06
-1.36E-06
-8.64E-07
1.63E-06
1.34E-07
1.34E-07
1.13E-06
-1.36E-06
-1.36E-06
2.63E-06
-1.36E-06
1.13E-06
1.13E-06
-2.86E-06
1.34E-07
-8.64E-07
-2.36E-06
1.13E-06
6.33E-07
-3.86E-06
6.33E-07
-3.65E-07
-4.36E-06
3.13E-06
6.33E-07
1.34E-07
1.13E-06
-1.36E-06
-3.65E-07
6.33E-07
1.63E-06
-8.64E-07
1.13E-06
-2.36E-06
1.63E-06
1.13E-06
-1.36E-06
1.63E-06
1.63E-06
-1.36E-06
6.33E-07
5.12E-06
-2.86E-06
1.13E-06
1.13E-06
-1.36E-06
1.63E-06
-3.65E-07
-3.65E-07
2.63E-06
-8.64E-07
-8.64E-07
-1.36E-06
1.13E-06
-8.64E-07
2.63E-06
-3.86E-06
1.13E-06
1.63E-06
-1.36E-06
6.33E-07
1.34E-07
-1.36E-06
1.63E-06
3.63E-06
-1.86E-06
1.13E-06
-8.64E-07
-1.36E-06
1.63E-06
1.34E-07
-2.36E-06
6.33E-07
-8.64E-07
-8.85E-06
3.63E-06
1.34E-07
-1.86E-06
3.63E-06
-1.86E-06
1.34E-07
1.63E-06
1.34E-07
1.34E-07
-3.65E-07
2.63E-06
-3.86E-06
1.63E-06
-2.36E-06
2.13E-06
1.34E-07
-1.36E-06
2.63E-06
6.33E-07
-8.64E-07
2.13E-06
6.33E-07
-3.36E-06
2.63E-06
-8.64E-07
1.34E-07
1.63E-06
-3.65E-07
-3.65E-07
1.63E-06
-8.64E-07
-3.65E-07
1.63E-06
-3.36E-06
2.13E-06
2.63E-06
1.13E-06
2.13E-06
-8.64E-07
-1.36E-06
1.63E-06
1.63E-06
1.34E-07
1.13E-06
-3.36E-06
-1.36E-06
2.63E-06
1.34E-07
-3.65E-07
1.13E-06
1.13E-06
-8.64E-07
1.34E-07
6.33E-07
-1.36E-06
1.34E-07
1.63E-06
-1.86E-06
-1.86E-06
1.13E-06
1.34E-07
3.13E-06
-2.36E-06
-1.36E-06
2.13E-06
1.34E-07
-2.86E-06
1.63E-06
-1.36E-06
6.33E-07
1.63E-06
-1.36E-06
1.13E-06
1.13E-06
-1.86E-06
6.33E-07
6.33E-07
-5.35E-06
2.63E-06
1.63E-06
-3.65E-07
6.33E-07
1.63E-06
-3.65E-07
3.13E-06
1.63E-06
-1.36E-06
6.33E-07
-3.36E-06
1.34E-07
6.33E-07
2.63E-06
-1.86E-06
1.13E-06
-1.86E-06
-8.64E-07
6.33E-07
-1.36E-06
6.33E-07
2.63E-06
-8.64E-07
1.63E-06
1.63E-06
-2.86E-06
1.13E-06
6.33E-07
-1.36E-06
6.33E-07
6.33E-07
-1.36E-06
3.63E-06
-2.86E-06
-1.36E-06
-1.36E-06
1.13E-06
-2.36E-06
6.33E-07
-1.36E-06
-3.65E-07
2.13E-06
-3.65E-07
2.13E-06
-8.64E-07
-1.36E-06
-2.86E-06
1.34E-07
-2.36E-06
-1.36E-06
-3.65E-07
-1.36E-06
-8.64E-07
-8.64E-07
2.13E-06
-1.36E-06
