2.71E-06
-7.79E-07
1.72E-06
2.19E-07
-7.79E-07
-7.79E-07
-1.28E-06
-3.27E-06
1.72E-06
2.71E-06
-2.80E-07
4.71E-06
-1.78E-06
-7.79E-07
-2.80E-07
7.18E-07
2.19E-07
7.18E-07
-1.28E-06
2.19E-07
5.21E-06
-2.80E-07
3.21E-06
3.71E-06
-2.78E-06
-2.28E-06
-1.78E-06
2.19E-07
3.71E-06
2.19E-07
7.18E-07
5.21E-06
-1.78E-06
1.22E-06
-1.78E-06
1.22E-06
2.19E-07
3.21E-06
2.19E-07
-2.80E-07
2.71E-06
2.19E-07
-3.77E-06
2.71E-06
-2.80E-07
-3.77E-06
3.21E-06
-1.28E-06
-2.80E-07
7.18E-07
-7.79E-07
-1.78E-06
1.22E-06
-7.27E-06
2.19E-07
1.22E-06
-2.80E-07
7.18E-07
-7.79E-07
1.72E-06
2.19E-07
-7.79E-07
2.19E-07
-1.28E-06
-2.80E-07
2.19E-07
2.19E-07
-1.28E-06
-1.28E-06
2.21E-06
-2.80E-07
2.21E-06
1.22E-06
-7.79E-07
1.72E-06
-2.80E-07
1.22E-06
-1.28E-06
1.22E-06
7.18E-07
-1.28E-06
1.22E-06
-7.79E-07
2.19E-07
1.22E-06
-7.79E-07
7.18E-07
-1.78E-06
-2.80E-07
-7.79E-07
4.21E-06
-4.77E-06
-7.79E-07
1.72E-06
-1.28E-06
-7.79E-07
2.19E-07
-7.79E-07
-6.27E-06
4.21E-06
-2.80E-07
-1.28E-06
3.71E-06
2.19E-07
-2.80E-07
2.19E-07
2.19E-07
-7.79E-07
7.18E-07
1.72E-06
-2.78E-06
2.21E-06
-2.80E-07
-7.79E-07
1.22E-06
-2.80E-07
-2.28E-06
2.19E-07
7.18E-07
-1.28E-06
7.18E-07
2.71E-06
-4.27E-06
2.19E-07
7.18E-07
7.18E-07
-2.80E-07
2.21E-06
1.22E-06
-1.28E-06
-2.80E-07
-1.28E-06
-4.77E-06
1.72E-06
7.18E-07
-2.78E-06
2.71E-06
7.18E-07
-7.79E-07
1.22E-06
7.18E-07
-7.79E-07
-7.79E-07
4.71E-06
-2.28E-06
2.19E-07
3.21E-06
-4.27E-06
7.18E-07
1.72E-06
-1.78E-06
7.18E-07
1.22E-06
7.18E-07
-6.27E-06
4.21E-06
-1.78E-06
-2.80E-07
1.22E-06
-7.79E-07
-7.79E-07
1.22E-06
-2.80E-07
-2.28E-06
-7.79E-07
7.18E-07
-4.77E-06
7.18E-07
1.22E-06
2.19E-07
7.18E-07
-2.80E-07
-1.78E-06
2.19E-07
1.72E-06
-7.79E-07
2.19E-07
4.71E-06
-1.28E-06
7.18E-07
1.72E-06
-1.28E-06
-7.79E-07
2.21E-06
-2.80E-07
-1.28E-06
1.22E-06
-2.80E-07
-3.27E-06
7.18E-07
-7.79E-07
7.18E-07
-1.28E-06
2.19E-07
2.19E-07
-7.79E-07
1.72E-06
-2.80E-07
-7.79E-07
-3.77E-06
2.71E-06
-2.80E-07
-1.78E-06
2.19E-07
-7.79E-07
2.19E-07
2.19E-07
-2.28E-06
2.19E-07
-7.79E-07
2.19E-07
-7.79E-07
-2.80E-07
-2.28E-06
-2.78E-06
3.71E-06
-2.28E-06
-2.80E-07
1.72E-06
2.19E-07
-7.79E-07
7.18E-07
7.18E-07
-2.28E-06
-2.80E-07
3.21E-06
-1.78E-06
1.22E-06
1.22E-06
-2.80E-07
2.21E-06
1.22E-06
7.18E-07
4.21E-06
1.22E-06
2.19E-07
-2.80E-07
1.22E-06
2.19E-07
7.18E-07
2.21E-06
-2.80E-07
7.18E-07
2.71E-06
-3.27E-06
2.19E-07
2.19E-07
-2.80E-07
-1.28E-06
7.18E-07
7.18E-07
-2.78E-06
7.18E-07
2.19E-07
-1.78E-06
4.21E-06
-7.79E-07
-2.80E-07
-2.80E-07
1.22E-06
7.18E-07
-2.80E-07
-1.28E-06
-2.28E-06
2.19E-07
7.18E-07
-2.80E-07
2.19E-07
-2.80E-07
1.22E-06
-7.79E-07
-2.80E-07
2.19E-07
-1.28E-06
1.72E-06
-1.28E-06
-2.80E-07
7.18E-07
3.21E-06
-4.27E-06
-2.80E-07
1.72E-06
-2.80E-07
-7.79E-07
1.22E-06
-1.78E-06
7.18E-07
1.22E-06
-2.80E-07
2.19E-07
3.71E-06
-1.28E-06
-7.79E-07
7.18E-07
1.22E-06
-2.78E-06
2.19E-07
-7.79E-07
2.19E-07
2.19E-07
3.21E-06
-5.77E-06
3.21E-06
-2.78E-06
-2.80E-07
-7.79E-07
2.19E-07
-2.28E-06
2.19E-07
-2.80E-07
-2.28E-06
-7.79E-07
-7.79E-07
-3.77E-06
7.18E-07
-1.78E-06
-2.80E-07
-7.79E-07
1.22E-06
2.19E-07
1.22E-06
2.19E-07
-1.28E-06
-4.27E-06
1.22E-06
-7.79E-07
-4.27E-06
2.71E-06
-2.80E-07
-2.80E-07
7.18E-07
1.22E-06
2.19E-07
1.72E-06
4.21E-06
-1.78E-06
1.22E-06
3.21E-06
-3.77E-06
-2.80E-07
1.72E-06
-1.28E-06
2.19E-07
2.21E-06
-2.80E-07
-6.77E-06
2.71E-06
2.19E-07
7.18E-07
2.21E-06
-7.79E-07
-2.80E-07
1.22E-06
2.19E-07
-1.28E-06
1.22E-06
2.19E-07
-2.78E-06
-2.80E-07
7.18E-07
-1.78E-06
1.72E-06
-2.80E-07
-2.78E-06
2.19E-07
2.71E-06
-2.80E-07
-2.80E-07
4.21E-06
-7.79E-07
-7.79E-07
4.71E-06
-1.28E-06
-2.80E-07
2.21E-06
-2.80E-07
-1.78E-06
1.22E-06
-2.80E-07
-3.27E-06
4.21E-06
2.71E-06
-7.79E-07
4.71E-06
1.22E-06
2.19E-07
1.22E-06
1.22E-06
-1.28E-06
7.18E-07
7.20E-06
-3.27E-06
2.71E-06
2.71E-06
-1.28E-06
7.18E-07
-2.80E-07
-7.79E-07
-2.80E-07
2.21E-06
-2.80E-07
-3.27E-06
2.19E-07
1.72E-06
-7.79E-07
-7.79E-07
1.72E-06
-7.79E-07
1.22E-06
1.72E-06
-1.28E-06
1.22E-06
7.18E-07
-3.27E-06
1.22E-06
2.21E-06
2.21E-06
-3.27E-06
2.21E-06
-2.80E-07
-2.80E-07
2.19E-07
-1.78E-06
2.19E-07
4.21E-06
-2.28E-06
2.19E-07
-2.80E-07
1.72E-06
-2.78E-06
2.19E-07
-7.79E-07
-2.28E-06
7.18E-07
-7.79E-07
-4.77E-06
2.21E-06
-7.79E-07
2.19E-07
-1.78E-06
1.72E-06
-7.79E-07
2.19E-07
2.19E-07
-1.28E-06
7.18E-07
-3.27E-06
-2.28E-06
2.19E-07
7.18E-07
2.21E-06
-7.79E-07
1.72E-06
2.19E-07
-1.28E-06
2.19E-07
-1.28E-06
-1.28E-06
-1.28E-06
2.19E-07
2.19E-07
-2.80E-07
2.71E-06
-7.79E-07
7.18E-07
2.19E-07
-1.28E-06
-7.79E-07
-2.80E-07
2.19E-07
-2.78E-06
-2.80E-07
1.72E-06
-2.78E-06
2.21E-06
-1.28E-06
-2.80E-07
2.19E-07
-2.80E-07
-1.28E-06
-2.28E-06
7.18E-07
-7.79E-07
-2.80E-07
2.21E-06
-2.78E-06
1.72E-06
2.19E-07
-1.78E-06
2.19E-07
-2.80E-07
-5.27E-06
2.19E-07
7.18E-07
-1.78E-06
-7.79E-07
-2.28E-06
-2.78E-06
-7.79E-07
-2.80E-07
