1.79E-06
-2.08E-07
-1.70E-06
7.90E-07
-7.07E-07
1.29E-06
3.78E-06
-2.70E-06
7.90E-07
2.79E-06
-3.20E-06
-2.08E-07
1.79E-06
-2.20E-06
1.29E-06
1.79E-06
-6.20E-06
4.78E-06
1.79E-06
-2.70E-06
2.29E-06
-1.21E-06
-1.21E-06
1.79E-06
1.79E-06
-1.21E-06
1.29E-06
-8.69E-06
2.79E-06
3.29E-06
-2.70E-06
2.91E-07
-1.21E-06
-2.08E-07
-1.21E-06
-7.07E-07
-3.70E-06
-2.08E-07
7.90E-07
2.91E-07
-1.70E-06
1.29E-06
-1.21E-06
-2.08E-07
-7.07E-07
-1.70E-06
2.91E-07
-2.08E-07
-2.08E-07
4.78E-06
1.79E-06
-1.70E-06
2.79E-06
-7.07E-07
2.29E-06
2.29E-06
1.29E-06
7.90E-07
3.78E-06
7.90E-07
-4.70E-06
6.78E-06
-2.08E-07
-1.21E-06
7.90E-07
-1.70E-06
2.91E-07
1.29E-06
-1.21E-06
-7.07E-07
7.90E-07
-1.12E-05
3.78E-06
1.79E-06
-2.70E-06
-1.70E-06
1.79E-06
-1.70E-06
1.79E-06
-2.08E-07
-1.70E-06
1.79E-06
-4.20E-06
-2.20E-06
2.29E-06
2.91E-07
-1.70E-06
2.91E-07
-1.21E-06
-2.08E-07
-2.08E-07
-7.07E-07
1.29E-06
2.79E-06
-3.70E-06
3.29E-06
1.79E-06
1.29E-06
1.29E-06
1.79E-06
-1.70E-06
2.29E-06
-7.07E-07
-2.20E-06
6.28E-06
-1.70E-06
7.90E-07
7.90E-07
1.79E-06
-2.70E-06
2.91E-07
-2.08E-07
-2.70E-06
-7.07E-07
-1.21E-06
-1.21E-06
2.91E-07
-2.08E-07
-1.70E-06
-1.70E-06
2.91E-07
-2.20E-06
2.91E-07
-3.20E-06
2.91E-07
1.79E-06
-1.21E-06
-2.70E-06
3.29E-06
-7.07E-07
-2.70E-06
2.79E-06
-7.07E-07
2.29E-06
2.29E-06
-7.07E-07
2.79E-06
2.29E-06
-7.19E-06
2.79E-06
-2.08E-07
1.79E-06
2.91E-07
-7.07E-07
-1.21E-06
1.29E-06
-2.20E-06
-2.20E-06
2.91E-07
-4.20E-06
-1.21E-06
1.29E-06
-7.07E-07
1.79E-06
7.90E-07
-2.20E-06
-7.07E-07
7.90E-07
-2.20E-06
-1.21E-06
-7.07E-07
-4.20E-06
-2.08E-07
7.90E-07
-2.08E-07
-2.08E-07
7.90E-07
-2.70E-06
7.90E-07
2.91E-07
2.29E-06
-2.08E-07
3.29E-06
-1.21E-06
3.78E-06
-7.07E-07
-7.07E-07
1.29E-06
2.91E-07
-2.08E-07
7.90E-07
-7.07E-07
-3.20E-06
4.28E-06
-1.21E-06
2.91E-07
1.79E-06
-2.20E-06
-2.08E-07
7.90E-07
-3.20E-06
-7.07E-07
1.29E-06
-2.08E-07
-1.21E-06
-7.07E-07
-1.70E-06
7.90E-07
-2.08E-07
-3.20E-06
-2.08E-07
-2.08E-07
-1.70E-06
1.79E-06
3.29E-06
-2.20E-06
1.79E-06
-2.20E-06
1.29E-06
7.90E-07
-2.08E-07
2.29E-06
3.29E-06
2.91E-07
2.29E-06
1.79E-06
7.90E-07
7.90E-07
3.78E-06
-3.70E-06
1.79E-06
1.29E-06
-2.08E-07
1.29E-06
1.29E-06
-1.70E-06
3.29E-06
3.29E-06
-2.70E-06
2.79E-06
7.90E-07
-1.21E-06
7.90E-07
-7.07E-07
-1.70E-06
2.91E-07
-7.07E-07
1.79E-06
2.29E-06
-1.70E-06
2.91E-07
1.79E-06
-2.70E-06
-2.08E-07
1.29E-06
2.91E-07
-2.08E-07
7.90E-07
-7.07E-07
3.29E-06
7.90E-07
2.29E-06
2.91E-07
1.79E-06
-2.20E-06
1.29E-06
7.90E-07
-2.20E-06
7.90E-07
1.29E-06
1.29E-06
7.90E-07
2.91E-07
-1.70E-06
2.91E-07
1.79E-06
-7.07E-07
1.79E-06
-1.21E-06
-1.21E-06
-1.21E-06
-2.08E-07
-3.20E-06
-1.21E-06
-1.21E-06
-2.20E-06
-2.70E-06
-3.20E-06
2.91E-07
2.91E-07
-2.08E-07
2.79E-06
3.78E-06
-3.20E-06
7.90E-07
-7.07E-07
-2.08E-07
7.90E-07
1.29E-06
-1.21E-06
1.29E-06
-2.08E-07
1.79E-06
2.29E-06
-7.07E-07
-1.70E-06
-1.21E-06
7.90E-07
-7.07E-07
1.79E-06
-7.07E-07
2.91E-07
1.79E-06
-4.20E-06
2.79E-06
2.91E-07
-1.70E-06
-2.20E-06
1.29E-06
-2.70E-06
-7.07E-07
2.91E-07
-3.70E-06
-1.21E-06
-7.69E-06
1.29E-06
2.91E-07
7.90E-07
-2.70E-06
-1.21E-06
7.90E-07
-2.20E-06
7.90E-07
-2.08E-07
-2.20E-06
-2.70E-06
-2.08E-07
1.29E-06
7.90E-07
2.79E-06
-7.07E-07
1.79E-06
2.91E-07
-2.08E-07
2.91E-07
-1.21E-06
3.78E-06
-1.70E-06
7.90E-07
-7.07E-07
2.29E-06
-7.07E-07
-2.08E-07
2.91E-07
-2.20E-06
7.90E-07
7.90E-07
2.79E-06
-1.21E-06
1.29E-06
-3.20E-06
2.79E-06
-1.21E-06
-2.70E-06
7.90E-07
1.29E-06
-2.08E-07
2.91E-07
1.29E-06
-1.21E-06
2.29E-06
-2.08E-07
1.79E-06
7.90E-07
-2.08E-07
7.90E-07
1.79E-06
-1.70E-06
2.91E-07
2.29E-06
-2.70E-06
1.29E-06
7.90E-07
2.91E-07
7.90E-07
1.79E-06
-7.07E-07
-2.08E-07
7.90E-07
-2.70E-06
-4.70E-06
5.28E-06
-1.70E-06
-2.08E-07
2.29E-06
-2.20E-06
7.90E-07
-2.08E-07
-7.07E-07
2.29E-06
7.90E-07
-7.07E-07
-1.21E-06
2.91E-07
-2.70E-06
4.28E-06
-1.70E-06
2.91E-07
2.91E-07
2.91E-07
2.91E-07
1.29E-06
-7.07E-07
7.90E-07
3.29E-06
-2.20E-06
3.78E-06
1.29E-06
-1.70E-06
2.29E-06
2.29E-06
-7.07E-07
7.90E-07
1.79E-06
-6.20E-06
7.90E-07
2.91E-07
-7.07E-07
2.91E-07
-1.70E-06
-1.70E-06
-2.08E-07
-1.21E-06
-1.70E-06
7.90E-07
-2.08E-07
-4.70E-06
1.79E-06
-2.20E-06
1.29E-06
1.29E-06
-1.70E-06
-1.21E-06
3.29E-06
-2.20E-06
-7.07E-07
5.28E-06
-3.20E-06
7.90E-07
-1.70E-06
-3.20E-06
1.29E-06
7.90E-07
-1.70E-06
-7.07E-07
1.29E-06
-1.21E-06
2.79E-06
-7.07E-07
-7.07E-07
7.90E-07
-7.07E-07
7.90E-07
2.91E-07
-1.70E-06
-1.70E-06
7.90E-07
2.91E-07
-3.70E-06
7.90E-07
-2.20E-06
3.29E-06
1.29E-06
-7.07E-07
2.91E-07
1.29E-06
-1.70E-06
-7.07E-07
-2.08E-07
-4.70E-06
1.79E-06
-2.08E-07
1.79E-06
-2.20E-06
3.78E-06
-2.08E-07
1.29E-06
1.29E-06
-7.07E-07
1.29E-06
7.90E-07
2.79E-06
7.90E-07
1.79E-06
-2.20E-06
2.29E-06
2.91E-07
-2.08E-07
1.29E-06
-2.20E-06
2.91E-07
7.90E-07
1.79E-06
-1.21E-06
1.29E-06
-2.08E-07
2.91E-07
2.91E-07
-2.20E-06
-2.08E-07
