-1.71E-06
-2.17E-07
2.78E-06
-1.71E-06
4.27E-06
-7.16E-07
3.28E-06
7.81E-07
7.81E-07
-7.16E-07
1.28E-06
2.82E-07
7.81E-07
2.78E-06
4.27E-06
-7.16E-07
1.28E-06
1.78E-06
-2.71E-06
7.81E-07
-1.71E-06
-1.21E-06
1.78E-06
-1.21E-06
7.81E-07
2.82E-07
1.28E-06
2.82E-07
2.28E-06
-2.71E-06
1.78E-06
1.28E-06
-7.16E-07
7.81E-07
1.28E-06
-1.71E-06
1.78E-06
2.28E-06
-2.71E-06
2.28E-06
-3.21E-06
-2.17E-07
1.78E-06
-7.16E-07
-2.17E-07
2.28E-06
2.82E-07
-7.20E-06
3.28E-06
-7.16E-07
7.81E-07
2.82E-07
-1.21E-06
2.82E-07
1.28E-06
-1.21E-06
2.82E-07
2.82E-07
-2.21E-06
-2.21E-06
1.78E-06
-4.21E-06
2.28E-06
-7.16E-07
-2.21E-06
1.28E-06
-2.17E-07
-1.71E-06
2.82E-07
1.78E-06
-3.21E-06
3.28E-06
2.82E-07
-2.17E-07
2.78E-06
-7.16E-07
-2.17E-07
7.81E-07
-1.71E-06
-2.17E-07
1.78E-06
-3.71E-06
2.82E-07
1.28E-06
-5.21E-06
3.28E-06
7.81E-07
-1.21E-06
1.28E-06
1.28E-06
-1.71E-06
1.78E-06
-7.16E-07
-3.71E-06
2.28E-06
-2.21E-06
7.81E-07
1.78E-06
-2.17E-07
-2.17E-07
2.28E-06
2.82E-07
-7.16E-07
5.27E-06
-2.71E-06
1.28E-06
-1.21E-06
2.82E-07
-2.17E-07
7.81E-07
-7.16E-07
-1.21E-06
2.82E-07
-1.21E-06
5.27E-06
2.82E-07
-3.21E-06
-7.16E-07
-7.16E-07
-2.17E-07
-2.17E-07
-1.21E-06
-2.71E-06
-2.17E-07
2.82E-07
2.78E-06
7.81E-07
-2.17E-07
-2.21E-06
7.81E-07
-2.17E-07
-2.21E-06
2.82E-07
-7.16E-07
-1.71E-06
-7.16E-07
-7.16E-07
2.82E-07
7.81E-07
2.78E-06
-2.21E-06
1.78E-06
-7.16E-07
1.28E-06
2.82E-07
-1.71E-06
2.82E-07
-2.17E-07
-1.21E-06
2.82E-07
1.28E-06
-2.17E-07
2.78E-06
1.28E-06
-7.16E-07
1.78E-06
-7.16E-07
-2.17E-07
-1.21E-06
-7.16E-07
-1.71E-06
7.81E-07
-2.71E-06
7.81E-07
1.28E-06
-2.21E-06
7.81E-07
2.28E-06
-2.17E-07
-1.21E-06
3.28E-06
-1.71E-06
-1.71E-06
2.78E-06
-7.16E-07
1.28E-06
-7.16E-07
-1.71E-06
1.78E-06
-1.21E-06
-7.16E-07
2.78E-06
-2.17E-07
-2.21E-06
-7.16E-07
-2.17E-07
-7.16E-07
2.28E-06
-2.17E-07
-2.17E-07
2.28E-06
2.28E-06
1.28E-06
2.82E-07
2.82E-07
-2.21E-06
2.28E-06
-2.17E-07
-2.17E-07
2.82E-07
-2.21E-06
-7.16E-07
-1.21E-06
-2.17E-07
2.82E-07
2.82E-07
-2.17E-07
-7.16E-07
7.81E-07
-2.71E-06
7.81E-07
2.82E-07
-2.21E-06
-6.70E-06
2.78E-06
-1.21E-06
7.81E-07
2.28E-06
-1.71E-06
1.78E-06
2.82E-07
-7.16E-07
7.81E-07
-1.71E-06
-7.20E-06
1.78E-06
7.81E-07
-7.16E-07
1.78E-06
-2.17E-07
2.82E-07
7.81E-07
-1.71E-06
2.82E-07
7.81E-07
-1.71E-06
-7.16E-07
2.28E-06
-7.16E-07
2.78E-06
-7.16E-07
-1.71E-06
2.78E-06
7.81E-07
-1.21E-06
1.28E-06
3.28E-06
-5.21E-06
3.28E-06
-1.21E-06
7.81E-07
-1.21E-06
-2.21E-06
-7.16E-07
7.81E-07
-1.21E-06
-1.21E-06
5.27E-06
-2.21E-06
7.81E-07
-7.16E-07
7.81E-07
-7.16E-07
7.81E-07
-2.17E-07
-1.21E-06
7.81E-07
-3.21E-06
-2.71E-06
1.78E-06
-2.71E-06
-1.71E-06
2.78E-06
-3.21E-06
-1.21E-06
-1.21E-06
-2.21E-06
7.81E-07
-2.17E-07
-4.21E-06
-7.16E-07
1.78E-06
-2.71E-06
4.27E-06
-1.71E-06
-7.16E-07
1.28E-06
-2.17E-07
-1.21E-06
2.82E-07
2.82E-07
-2.17E-07
1.78E-06
-2.21E-06
3.28E-06
-1.21E-06
-2.21E-06
1.28E-06
-2.17E-07
-2.21E-06
2.82E-07
1.28E-06
-4.21E-06
7.81E-07
2.82E-07
-2.17E-07
3.28E-06
-2.17E-07
-1.71E-06
-7.16E-07
-1.21E-06
-1.21E-06
7.81E-07
2.82E-07
-3.71E-06
1.28E-06
-1.71E-06
-1.21E-06
7.81E-07
-1.21E-06
-2.17E-07
1.78E-06
-1.71E-06
-7.16E-07
4.77E-06
-4.71E-06
-2.17E-07
1.78E-06
-4.71E-06
-2.17E-07
-2.17E-07
-1.21E-06
2.82E-07
-7.16E-07
-3.21E-06
-2.21E-06
2.28E-06
-3.21E-06
3.28E-06
-7.16E-07
-1.21E-06
2.78E-06
-2.17E-07
-7.16E-07
7.81E-07
-2.17E-07
-3.21E-06
2.78E-06
-1.21E-06
1.28E-06
1.28E-06
-7.16E-07
7.81E-07
7.81E-07
-1.71E-06
7.81E-07
-2.17E-07
-2.17E-07
2.28E-06
-1.21E-06
2.82E-07
-7.16E-07
2.82E-07
-1.21E-06
1.28E-06
2.82E-07
-1.71E-06
2.82E-07
4.27E-06
-4.21E-06
2.78E-06
2.82E-07
-7.16E-07
3.78E-06
7.81E-07
-7.16E-07
7.81E-07
2.82E-07
2.82E-07
8.27E-06
-2.71E-06
1.78E-06
-1.21E-06
7.81E-07
-7.16E-07
-2.17E-07
-2.21E-06
7.81E-07
1.28E-06
-7.16E-07
1.28E-06
1.28E-06
-2.21E-06
2.28E-06
7.81E-07
7.81E-07
2.82E-07
-2.17E-07
-1.21E-06
1.78E-06
-2.17E-07
-1.71E-06
3.28E-06
-1.21E-06
-1.71E-06
2.82E-07
2.28E-06
-7.16E-07
1.28E-06
-7.16E-07
-2.17E-07
1.28E-06
1.28E-06
-1.71E-06
3.78E-06
-1.21E-06
-2.17E-07
4.77E-06
-1.21E-06
-7.16E-07
2.82E-07
-1.71E-06
2.82E-07
-7.16E-07
-6.70E-06
2.78E-06
-1.21E-06
-7.16E-07
-7.16E-07
2.82E-07
-3.21E-06
1.28E-06
2.82E-07
-2.21E-06
1.28E-06
1.78E-06
1.78E-06
-2.17E-07
-2.17E-07
-2.17E-07
-7.16E-07
2.82E-07
-1.21E-06
7.81E-07
-1.21E-06
1.28E-06
2.28E-06
1.28E-06
-1.71E-06
7.81E-07
-7.16E-07
2.82E-07
7.81E-07
-2.21E-06
1.28E-06
1.28E-06
-7.16E-07
1.78E-06
1.78E-06
-3.21E-06
2.82E-07
-1.71E-06
-1.21E-06
1.28E-06
7.81E-07
-2.17E-07
2.28E-06
2.82E-07
-6.70E-06
6.77E-06
7.81E-07
-1.21E-06
1.78E-06
2.82E-07
1.28E-06
3.78E-06
7.81E-07
2.28E-06
1.78E-06
-7.70E-06
4.77E-06
2.28E-06
-2.21E-06
2.78E-06
7.81E-07
-1.21E-06
1.28E-06
-1.21E-06
-7.16E-07
1.28E-06
-3.21E-06
-2.17E-07
1.78E-06
2.28E-06
-1.71E-06
1.78E-06
-7.16E-07
2.82E-07
2.82E-07
-7.16E-07
