-9.32E-07
3.56E-06
-3.93E-06
-1.93E-06
-9.32E-07
-4.33E-07
5.65E-07
6.59E-08
5.65E-07
-1.93E-06
1.56E-06
1.06E-06
3.56E-06
-9.32E-07
5.65E-07
-9.32E-07
5.65E-07
5.65E-07
-4.33E-07
1.56E-06
-9.32E-07
-1.43E-06
6.59E-08
4.06E-06
-2.43E-06
6.59E-08
2.06E-06
-1.43E-06
-4.33E-07
-9.32E-07
-9.32E-07
6.59E-08
-1.93E-06
6.59E-08
4.06E-06
-1.93E-06
-4.33E-07
5.65E-07
-4.92E-06
2.06E-06
-9.32E-07
-2.43E-06
-4.33E-07
-9.32E-07
-9.32E-07
-1.43E-06
1.56E-06
-1.93E-06
-9.32E-07
2.06E-06
-4.33E-07
1.56E-06
6.59E-08
6.59E-08
2.56E-06
-4.33E-07
-1.93E-06
4.06E-06
1.06E-06
-9.32E-07
1.06E-06
1.06E-06
1.06E-06
3.56E-06
1.06E-06
5.65E-07
2.06E-06
2.56E-06
3.06E-06
1.56E-06
1.56E-06
-4.33E-07
3.06E-06
6.59E-08
-4.33E-07
1.06E-06
-1.93E-06
1.56E-06
1.56E-06
6.59E-08
6.59E-08
1.06E-06
-1.93E-06
-9.32E-07
6.59E-08
-1.43E-06
2.06E-06
5.65E-07
-4.33E-07
-2.43E-06
4.56E-06
6.59E-08
1.56E-06
3.56E-06
-4.33E-07
2.06E-06
1.56E-06
-9.32E-07
1.56E-06
-4.33E-07
-7.92E-06
4.06E-06
-9.32E-07
-9.32E-07
1.56E-06
-4.33E-07
6.59E-08
-9.32E-07
-1.93E-06
1.06E-06
5.65E-07
-6.42E-06
5.65E-07
1.56E-06
-9.32E-07
3.56E-06
-4.33E-07
-9.32E-07
1.56E-06
-9.32E-07
-9.32E-07
1.56E-06
2.06E-06
-5.42E-06
3.06E-06
-9.32E-07
2.06E-06
6.59E-08
-4.33E-07
6.59E-08
1.56E-06
6.59E-08
-1.43E-06
-4.33E-07
2.56E-06
-1.93E-06
1.06E-06
-3.93E-06
-1.43E-06
2.56E-06
-1.43E-06
1.06E-06
1.56E-06
-1.93E-06
2.56E-06
3.56E-06
-2.43E-06
1.56E-06
6.59E-08
-2.93E-06
1.06E-06
-1.43E-06
-1.43E-06
6.59E-08
-4.33E-07
-5.92E-06
-1.43E-06
6.59E-08
1.06E-06
5.65E-07
-4.33E-07
6.59E-08
1.56E-06
-4.33E-07
-9.32E-07
-9.32E-07
2.06E-06
-3.43E-06
2.06E-06
-1.43E-06
2.56E-06
-4.33E-07
-1.93E-06
1.56E-06
1.06E-06
-2.93E-06
1.56E-06
1.56E-06
-3.93E-06
1.06E-06
1.06E-06
-1.93E-06
2.06E-06
5.65E-07
-1.93E-06
1.56E-06
-4.33E-07
6.59E-08
1.56E-06
-4.33E-07
-1.43E-06
1.06E-06
-3.93E-06
1.56E-06
-1.43E-06
-2.93E-06
5.65E-07
6.59E-08
-2.43E-06
6.59E-08
1.56E-06
-4.42E-06
2.06E-06
-4.33E-07
-1.93E-06
1.06E-06
-1.43E-06
-1.43E-06
1.06E-06
-2.43E-06
6.59E-08
6.55E-06
-2.43E-06
-4.33E-07
1.06E-06
-2.93E-06
1.06E-06
1.56E-06
1.06E-06
2.06E-06
2.06E-06
-4.33E-07
5.65E-07
2.56E-06
-1.43E-06
4.06E-06
-3.43E-06
-4.33E-07
3.06E-06
-1.43E-06
-9.32E-07
2.56E-06
6.59E-08
3.06E-06
3.06E-06
-2.43E-06
2.06E-06
5.65E-07
-1.43E-06
1.06E-06
6.59E-08
-4.33E-07
1.06E-06
6.59E-08
-7.92E-06
4.56E-06
6.59E-08
-9.32E-07
1.56E-06
-1.93E-06
-4.33E-07
2.06E-06
-9.32E-07
5.65E-07
6.59E-08
3.06E-06
-2.93E-06
4.56E-06
-1.43E-06
2.06E-06
5.65E-07
-1.93E-06
-4.33E-07
5.65E-07
-9.32E-07
6.59E-08
5.65E-07
-2.43E-06
2.56E-06
-4.33E-07
-1.43E-06
1.06E-06
-4.33E-07
-4.33E-07
1.06E-06
-9.32E-07
-9.32E-07
1.56E-06
-4.92E-06
6.59E-08
1.56E-06
-2.93E-06
1.06E-06
6.59E-08
-2.93E-06
-4.33E-07
6.59E-08
-2.93E-06
-4.33E-07
-4.92E-06
-1.93E-06
1.56E-06
-3.43E-06
-4.33E-07
-4.33E-07
-1.93E-06
-9.32E-07
1.06E-06
-9.32E-07
5.06E-06
-1.93E-06
2.56E-06
-4.33E-07
5.65E-07
6.59E-08
2.06E-06
1.06E-06
-4.33E-07
1.56E-06
5.65E-07
5.65E-07
5.65E-07
2.56E-06
-4.33E-07
4.06E-06
-1.43E-06
-9.32E-07
1.56E-06
6.59E-08
-1.43E-06
1.56E-06
1.06E-06
-1.43E-06
5.65E-07
1.06E-06
-2.43E-06
1.56E-06
6.59E-08
5.65E-07
6.59E-08
-1.43E-06
1.56E-06
6.59E-08
-4.42E-06
1.56E-06
1.06E-06
6.59E-08
6.59E-08
6.59E-08
-9.32E-07
2.56E-06
1.06E-06
-9.32E-07
1.06E-06
-4.42E-06
-4.33E-07
1.56E-06
2.06E-06
-1.43E-06
1.06E-06
6.59E-08
1.06E-06
1.56E-06
-4.33E-07
1.56E-06
-4.33E-07
-1.43E-06
2.56E-06
2.06E-06
-4.33E-07
1.56E-06
-9.32E-07
-1.93E-06
6.59E-08
6.59E-08
-1.93E-06
3.56E-06
-2.43E-06
-9.32E-07
-4.33E-07
2.56E-06
-1.43E-06
1.06E-06
-4.33E-07
-4.33E-07
1.56E-06
-9.32E-07
1.06E-06
6.59E-08
6.59E-08
-1.93E-06
6.59E-08
-1.43E-06
-1.43E-06
1.06E-06
-9.32E-07
-4.33E-07
1.06E-06
1.06E-06
-9.32E-07
6.59E-08
-9.32E-07
-1.43E-06
1.06E-06
-1.43E-06
1.56E-06
-9.32E-07
-1.93E-06
2.06E-06
4.06E-06
-1.93E-06
1.56E-06
1.06E-06
-1.93E-06
2.56E-06
-9.32E-07
-4.33E-07
1.06E-06
5.65E-07
6.59E-08
7.05E-06
-1.93E-06
6.59E-08
6.59E-08
6.59E-08
1.06E-06
1.06E-06
-1.93E-06
1.06E-06
6.59E-08
-2.43E-06
4.06E-06
6.59E-08
-1.93E-06
5.65E-07
6.59E-08
6.59E-08
2.06E-06
2.06E-06
-4.33E-07
1.06E-06
6.59E-08
-3.93E-06
1.06E-06
5.65E-07
-3.93E-06
2.06E-06
-9.32E-07
-1.43E-06
5.65E-07
-1.93E-06
-9.32E-07
5.65E-07
1.56E-06
-3.43E-06
5.65E-07
-3.93E-06
6.59E-08
-1.43E-06
-3.93E-06
6.59E-08
1.06E-06
-1.93E-06
5.65E-07
4.06E-06
-3.93E-06
6.59E-08
-2.43E-06
-4.33E-07
1.06E-06
-9.32E-07
-1.93E-06
1.56E-06
-9.32E-07
-1.43E-06
-1.43E-06
1.56E-06
-2.93E-06
-4.33E-07
-1.93E-06
5.65E-07
1.06E-06
-1.93E-06
-9.32E-07
-4.33E-07
-3.43E-06
-4.33E-07
2.06E-06
-2.43E-06
1.56E-06
5.65E-07
-1.93E-06
1.56E-06
-9.32E-07
-2.43E-06
1.06E-06
5.65E-07
-2.93E-06
-9.32E-07
5.65E-07
-1.93E-06
5.55E-06
6.59E-08
6.59E-08
2.06E-06
5.65E-07
-4.33E-07
1.06E-06
-9.32E-07
-1.43E-06
