2.71E-06
-7.83E-07
7.14E-07
2.15E-07
2.71E-06
2.15E-07
1.21E-06
4.21E-06
-2.78E-06
7.14E-07
-3.78E-06
-1.28E-06
2.15E-07
2.15E-07
-1.28E-06
2.15E-07
-2.28E-06
-7.83E-07
2.15E-07
2.71E-06
-2.28E-06
-7.83E-07
-2.28E-06
-2.84E-07
1.71E-06
-2.84E-07
-1.28E-06
1.21E-06
-2.84E-07
-3.28E-06
2.21E-06
-1.78E-06
1.71E-06
2.21E-06
-1.78E-06
1.71E-06
1.71E-06
-7.83E-07
1.21E-06
2.15E-07
4.21E-06
-7.83E-07
2.71E-06
-1.28E-06
2.21E-06
2.15E-07
-1.78E-06
2.21E-06
1.21E-06
-7.83E-07
1.71E-06
7.14E-07
-3.78E-06
2.71E-06
-2.84E-07
-7.83E-07
3.21E-06
2.15E-07
-1.28E-06
2.15E-07
-2.28E-06
-2.84E-07
7.14E-07
-3.28E-06
7.14E-07
1.21E-06
-1.78E-06
2.21E-06
-2.84E-07
-2.78E-06
7.14E-07
2.21E-06
-2.28E-06
-7.83E-07
-3.28E-06
-2.28E-06
-1.28E-06
7.14E-07
-2.28E-06
-2.84E-07
-2.84E-07
-1.78E-06
2.15E-07
-2.84E-07
-1.78E-06
3.21E-06
-1.28E-06
-1.28E-06
2.15E-07
3.71E-06
-1.28E-06
1.71E-06
-7.83E-07
-1.78E-06
7.14E-07
-1.78E-06
2.21E-06
-3.28E-06
-2.84E-07
-1.78E-06
7.14E-07
-1.78E-06
-2.84E-07
7.14E-07
2.15E-07
-2.84E-07
2.15E-07
2.21E-06
-2.28E-06
2.21E-06
-1.28E-06
2.21E-06
7.14E-07
-7.83E-07
-7.83E-07
7.14E-07
-1.28E-06
-2.84E-07
4.71E-06
1.21E-06
1.21E-06
3.21E-06
-7.83E-07
2.15E-07
7.14E-07
-1.28E-06
7.14E-07
1.21E-06
-2.84E-07
4.71E-06
-1.78E-06
-1.78E-06
-1.28E-06
2.21E-06
-2.28E-06
2.15E-07
-1.28E-06
-1.28E-06
7.14E-07
-7.83E-07
1.71E-06
1.71E-06
7.14E-07
-2.84E-07
2.15E-07
-2.84E-07
-1.28E-06
1.71E-06
-2.28E-06
-1.28E-06
1.21E-06
-2.84E-07
-2.84E-07
-2.84E-07
2.21E-06
-2.28E-06
2.21E-06
-1.78E-06
2.15E-07
7.14E-07
-7.83E-07
7.14E-07
-2.28E-06
7.14E-07
2.15E-07
1.21E-06
-7.83E-07
-2.84E-07
7.14E-07
-1.28E-06
7.14E-07
-1.28E-06
-2.78E-06
-1.78E-06
2.71E-06
-3.78E-06
3.71E-06
-2.28E-06
-2.84E-07
1.21E-06
-2.84E-07
-1.28E-06
1.71E-06
-2.84E-07
7.14E-07
4.71E-06
-1.28E-06
2.21E-06
-2.84E-07
2.15E-07
7.14E-07
-2.84E-07
-2.28E-06
7.14E-07
1.71E-06
-3.28E-06
2.71E-06
2.15E-07
2.21E-06
-2.84E-07
7.14E-07
-1.28E-06
1.71E-06
1.21E-06
-2.84E-07
1.71E-06
3.21E-06
-2.78E-06
1.71E-06
2.21E-06
-5.27E-06
1.71E-06
2.15E-07
-1.78E-06
1.21E-06
-2.28E-06
-2.78E-06
-2.78E-06
1.71E-06
-3.28E-06
3.71E-06
-4.28E-06
-1.28E-06
1.71E-06
-2.84E-07
-1.28E-06
1.71E-06
-2.84E-07
-4.78E-06
3.21E-06
-1.78E-06
3.21E-06
-7.83E-07
-1.78E-06
-2.84E-07
2.15E-07
-2.78E-06
2.15E-07
2.15E-07
3.71E-06
-2.78E-06
1.71E-06
-1.28E-06
7.14E-07
-2.78E-06
-2.28E-06
-2.84E-07
2.15E-07
-7.83E-07
1.21E-06
7.14E-07
-3.28E-06
3.21E-06
2.15E-07
-1.78E-06
3.71E-06
-1.78E-06
7.14E-07
1.21E-06
-1.28E-06
7.14E-07
1.71E-06
2.15E-07
-1.28E-06
2.21E-06
-7.83E-07
1.21E-06
1.21E-06
-1.78E-06
2.15E-07
1.71E-06
-2.84E-07
-2.84E-07
5.20E-06
-4.28E-06
7.14E-07
-2.84E-07
-2.28E-06
1.71E-06
7.14E-07
-2.84E-07
7.14E-07
-2.84E-07
-1.28E-06
5.20E-06
-2.84E-07
-7.83E-07
7.14E-07
-2.78E-06
-7.83E-07
1.21E-06
-1.78E-06
-7.83E-07
7.14E-07
-1.78E-06
3.21E-06
-1.78E-06
-2.84E-07
-7.83E-07
2.71E-06
-2.28E-06
-7.83E-07
-7.83E-07
-2.28E-06
1.21E-06
7.14E-07
-7.83E-07
2.15E-07
1.71E-06
-1.78E-06
1.71E-06
-7.83E-07
-1.28E-06
2.15E-07
7.14E-07
-2.84E-07
7.14E-07
2.21E-06
-3.28E-06
1.71E-06
3.21E-06
-7.83E-07
1.21E-06
-2.84E-07
-7.83E-07
-2.84E-07
-1.78E-06
-1.28E-06
2.21E-06
-2.84E-07
-7.83E-07
2.21E-06
-1.28E-06
2.15E-07
-2.84E-07
-1.28E-06
7.14E-07
2.15E-07
-1.28E-06
4.71E-06
-1.78E-06
-2.84E-07
-1.78E-06
2.71E-06
2.15E-07
1.21E-06
2.15E-07
7.14E-07
3.21E-06
-7.83E-07
4.71E-06
-1.28E-06
-1.78E-06
-1.28E-06
3.21E-06
-2.78E-06
-2.84E-07
7.14E-07
-1.28E-06
7.14E-07
7.14E-07
7.14E-07
-7.83E-07
-7.83E-07
-1.78E-06
-1.78E-06
2.15E-07
-1.78E-06
2.21E-06
-7.83E-07
-7.83E-07
1.21E-06
-1.28E-06
-7.83E-07
-2.84E-07
1.71E-06
-1.78E-06
1.71E-06
2.15E-07
-2.84E-07
1.71E-06
-1.78E-06
2.15E-07
-1.78E-06
2.15E-07
-1.78E-06
-1.28E-06
-1.78E-06
-7.83E-07
1.21E-06
-2.28E-06
-2.84E-07
7.14E-07
-2.78E-06
2.15E-07
2.71E-06
-1.78E-06
3.21E-06
-2.78E-06
7.14E-07
1.21E-06
1.21E-06
2.15E-07
2.21E-06
-7.83E-07
2.21E-06
4.21E-06
-1.28E-06
2.71E-06
-1.28E-06
-2.84E-07
-2.84E-07
2.15E-07
-1.78E-06
7.14E-07
2.15E-07
-4.28E-06
3.21E-06
2.15E-07
-7.83E-07
2.15E-07
-2.84E-07
-1.28E-06
2.15E-07
-2.84E-07
-1.78E-06
1.71E-06
5.20E-06
-2.28E-06
1.21E-06
-1.28E-06
-1.78E-06
2.15E-07
-2.28E-06
2.15E-07
1.21E-06
-7.83E-07
-7.83E-07
-1.78E-06
2.15E-07
-2.84E-07
2.21E-06
-3.28E-06
2.15E-07
1.21E-06
-1.78E-06
-2.84E-07
2.15E-07
-2.78E-06
7.14E-07
1.71E-06
-2.78E-06
2.21E-06
-2.28E-06
-7.83E-07
7.14E-07
2.15E-07
-1.78E-06
7.14E-07
7.14E-07
-7.77E-06
2.71E-06
-2.84E-07
2.15E-07
7.14E-07
-7.83E-07
-2.84E-07
1.71E-06
2.15E-07
-2.84E-07
-2.84E-07
2.71E-06
-2.28E-06
4.21E-06
-1.78E-06
3.21E-06
1.21E-06
-2.28E-06
2.15E-07
7.14E-07
-2.78E-06
2.15E-07
4.21E-06
-3.28E-06
1.71E-06
1.21E-06
-7.83E-07
2.71E-06
-2.84E-07
-7.83E-07
1.21E-06
-2.84E-07
-2.84E-07
1.21E-06
-2.28E-06
2.15E-07
-7.83E-07
2.21E-06
2.15E-07
1.21E-06
